2 0.7640625 0.478125 0.2015625 0.29765625
2 0.4734375 0.79140625 0.1953125 0.3921875
2 0.29140625 0.615625 0.18046875 0.3671875
2 0.20703125 0.378125 0.12421875 0.1671875
2 0.5046875 0.3125 0.1578125 0.2234375
2 0.390625 0.4109375 0.12890625 0.23203125
2 0.63515625 0.428125 0.11796875 0.3046875
1 0.6484375 0.15 0.0953125 0.103125
1 0.75625 0.19296875 0.1078125 0.10390625
1 0.503125 0.1 0.10859375 0.1015625
1 0.371875 0.1734375 0.08359375 0.08125
1 0.23515625 0.1375 0.09453125 0.071875
1 0.30078125 0.31484375 0.11328125 0.11015625
1 0.47578125 0.4921875 0.11328125 0.15546875