1 0.71015625 0.209375 0.08046875 0.0921875
1 0.57265625 0.1984375 0.06796875 0.08125
1 0.44921875 0.23671875 0.06484375 0.08359375
1 0.30078125 0.24765625 0.09921875 0.08671875
1 0.1734375 0.2515625 0.0578125 0.0875
1 0.95859375 0.275 0.04609375 0.0484375
1 0.89140625 0.290625 0.04296875 0.0421875
1 0.8265625 0.31875 0.0390625 0.0484375
2 0.95546875 0.365625 0.06484375 0.1171875
2 0.8953125 0.38203125 0.06875 0.13046875
2 0.825 0.4359375 0.071875 0.14453125
2 0.7140625 0.4046875 0.13203125 0.23203125
2 0.56875 0.40703125 0.1421875 0.26796875
2 0.4328125 0.415625 0.1265625 0.22265625
2 0.303125 0.46328125 0.1609375 0.26796875
2 0.16640625 0.4234375 0.08046875 0.24453125