2 0.3375 0.57578125 0.10390625 0.2171875
2 0.4625 0.53046875 0.1140625 0.17109375
2 0.58125 0.4921875 0.103125 0.18671875
2 0.7046875 0.5234375 0.10625 0.17109375
2 0.84375 0.55078125 0.090625 0.2125
2 0.91953125 0.6296875 0.12578125 0.2921875
2 0.7125 0.28984375 0.11171875 0.11875
2 0.59140625 0.290625 0.08515625 0.09453125
2 0.46484375 0.27109375 0.10390625 0.14453125
1 0.4671875 0.11328125 0.0515625 0.06171875
1 0.60078125 0.18203125 0.05078125 0.0625
1 0.7125 0.15703125 0.05078125 0.071875
1 0.83046875 0.3515625 0.07421875 0.096875
1 0.91484375 0.37578125 0.09921875 0.09921875
1 0.703125 0.37109375 0.0625 0.08359375
1 0.59140625 0.3484375 0.06328125 0.0859375
1 0.475 0.38046875 0.06640625 0.06875
1 0.35234375 0.3875 0.07109375 0.10703125