1 0.8015625 0.49609375 0.1265625 0.15234375
1 0.6703125 0.3296875 0.0765625 0.1140625
1 0.5703125 0.453125 0.10703125 0.17265625
1 0.45625 0.38125 0.06015625 0.0984375
1 0.3390625 0.4 0.08203125 0.0859375
1 0.125 0.34140625 0.13515625 0.14921875
2 0.171875 0.684375 0.19140625 0.4671875
2 0.4484375 0.55625 0.1328125 0.2109375
2 0.50859375 0.803125 0.1578125 0.39375
2 0.65 0.55546875 0.09765625 0.334375
2 0.86796875 0.78515625 0.17734375 0.3546875
1 0.9703125 0.45859375 0.059375 0.1234375
1 0.0234375 0.3015625 0.0453125 0.0796875
2 0.94375 0.66328125 0.1125 0.2890625
2 0.33359375 0.5578125 0.10859375 0.2203125