1 0.12734375 0.11328125 0.09765625 0.0984375
1 0.31796875 0.19921875 0.05 0.06171875
1 0.55078125 0.36171875 0.0390625 0.046875
1 0.675 0.40859375 0.05625 0.07578125
1 0.61796875 0.4109375 0.05 0.059375
1 0.58125 0.38046875 0.04140625 0.05546875
1 0.7578125 0.365625 0.04921875 0.05859375
1 0.82109375 0.38515625 0.05234375 0.06484375
1 0.91328125 0.43203125 0.06484375 0.07265625
1 0.98046875 0.46328125 0.0390625 0.084375
2 0.30390625 0.36171875 0.071875 0.2203125
2 0.11484375 0.35 0.1171875 0.29140625
2 0.6734375 0.5515625 0.07578125 0.13046875
2 0.61796875 0.50390625 0.08046875 0.115625
2 0.5765625 0.46484375 0.040625 0.07265625
2 0.55 0.43828125 0.0453125 0.0671875
2 0.7546875 0.47265625 0.05 0.1140625
2 0.82265625 0.4875 0.0703125 0.10390625
2 0.89453125 0.54296875 0.10234375 0.09921875
2 0.9421875 0.6 0.115625 0.1515625
2 0.98046875 0.35078125 0.0390625 0.1078125