1 0.21875 0.06796875 0.028125 0.03125
1 0.12265625 0.06796875 0.03125 0.034375
1 0.11640625 0.1078125 0.02578125 0.02890625
1 0.2078125 0.21484375 0.03125 0.04140625
1 0.3609375 0.3 0.04140625 0.04765625
1 0.42578125 0.27265625 0.02421875 0.03984375
1 0.84140625 0.33046875 0.1640625 0.13125
1 0.64375 0.31484375 0.12890625 0.10546875
1 0.49296875 0.31015625 0.13203125 0.1296875
1 0.1828125 0.38046875 0.13359375 0.1453125
2 0.92265625 0.76640625 0.1546875 0.46640625
2 0.7171875 0.64375 0.31796875 0.365625
2 0.421875 0.59765625 0.221875 0.31796875
2 0.1078125 0.63203125 0.215625 0.38046875
2 0.20625 0.27109375 0.05390625 0.06640625
2 0.2171875 0.12734375 0.04609375 0.06953125
2 0.3625 0.33984375 0.0765625 0.0390625
2 0.12578125 0.09375 0.0484375 0.03515625