1 0.9484375 0.41875 0.0703125 0.065625
1 0.82890625 0.41328125 0.0640625 0.06328125
1 0.7234375 0.40859375 0.0578125 0.0546875
1 0.6859375 0.4734375 0.04453125 0.05390625
1 0.61796875 0.44296875 0.05078125 0.0625
1 0.571875 0.48359375 0.053125 0.0578125
1 0.47734375 0.40390625 0.053125 0.053125
1 0.36796875 0.48125 0.05078125 0.065625
1 0.15390625 0.4828125 0.053125 0.07578125
1 0.2546875 0.4859375 0.05234375 0.0578125
2 0.14765625 0.65078125 0.09296875 0.2203125
2 0.25 0.63984375 0.1046875 0.21796875
2 0.36875 0.640625 0.09765625 0.21171875
2 0.475 0.54609375 0.109375 0.18203125
2 0.5734375 0.63984375 0.10703125 0.14921875
2 0.6890625 0.62421875 0.10390625 0.2
2 0.73828125 0.4890625 0.06640625 0.0640625
2 0.8375 0.5671875 0.09375 0.175
2 0.940625 0.58984375 0.11796875 0.1953125