1 0.05078125 0.09765625 0.10078125 0.19453125
1 0.26875 0.1265625 0.1921875 0.2
1 0.484375 0.13515625 0.12890625 0.14921875
1 0.65625 0.0890625 0.12265625 0.175
1 0.8140625 0.146875 0.2109375 0.2078125
1 0.3796875 0.2734375 0.1546875 0.1484375
1 0.8765625 0.43203125 0.246875 0.2890625
1 0.68359375 0.4890625 0.13359375 0.1453125
1 0.3859375 0.8546875 0.2078125 0.25703125
2 0.88125 0.834375 0.2375 0.33125
2 0.09375 0.7140625 0.1875 0.571875
2 0.18671875 0.365625 0.17734375 0.3296875
2 0.37578125 0.51171875 0.13671875 0.23359375