2 0.17890625 0.290625 0.08046875 0.2046875
2 0.30546875 0.26328125 0.10234375 0.20546875
2 0.6265625 0.203125 0.1265625 0.1796875
2 0.8609375 0.20390625 0.1328125 0.19921875
2 0.90234375 0.4421875 0.09140625 0.2390625
2 0.50390625 0.7328125 0.15546875 0.31328125
2 0.4234375 0.50625 0.1328125 0.14140625
1 0.21640625 0.1390625 0.06796875 0.1078125
1 0.33125 0.12734375 0.07265625 0.07734375
1 0.61015625 0.05625 0.05546875 0.0734375
1 0.8796875 0.04375 0.05 0.078125
1 0.88125 0.2546875 0.084375 0.09453125
1 0.44765625 0.4046875 0.08046875 0.09453125
1 0.50859375 0.503125 0.06640625 0.11484375