1 0.93203125 0.0734375 0.12421875 0.146875
1 0.6875 0.3203125 0.11015625 0.13828125
1 0.5359375 0.221875 0.10078125 0.1171875
1 0.475 0.3734375 0.09765625 0.1265625
1 0.3703125 0.29296875 0.1015625 0.12109375
1 0.3109375 0.1078125 0.1453125 0.1375
1 0.0890625 0.1890625 0.1390625 0.1625
2 0.1015625 0.62109375 0.20234375 0.540625
2 0.26796875 0.334375 0.16484375 0.2046875
2 0.30390625 0.653125 0.13046875 0.4296875
2 0.453125 0.73984375 0.23359375 0.4328125
2 0.66171875 0.703125 0.18984375 0.4796875