1 0.715625 0.39375 0.08125 0.09453125
1 0.553125 0.3734375 0.08125 0.10234375
1 0.4359375 0.3734375 0.07578125 0.08984375
1 0.296875 0.25078125 0.0796875 0.09453125
1 0.81796875 0.46875 0.053125 0.046875
1 0.09140625 0.47109375 0.0421875 0.05234375
2 0.26953125 0.565625 0.18984375 0.42109375
2 0.08359375 0.53984375 0.07109375 0.0984375
2 0.41484375 0.5828125 0.12421875 0.23515625
2 0.56640625 0.6015625 0.1484375 0.296875
2 0.72578125 0.65078125 0.146875 0.28828125
2 0.82578125 0.56328125 0.075 0.12421875