1 0.65859375 0.28203125 0.11171875 0.128125
1 0.7859375 0.38359375 0.040625 0.05546875
1 0.446875 0.3484375 0.0359375 0.03515625
1 0.20859375 0.34921875 0.0375 0.03203125
1 0.128125 0.34140625 0.02578125 0.03515625
2 0.65078125 0.59609375 0.22890625 0.32109375
2 0.44375 0.41640625 0.0609375 0.0921875
2 0.790625 0.43515625 0.04609375 0.05859375
2 0.3234375 0.44140625 0.05 0.1171875
2 0.1265625 0.415625 0.04765625 0.10625
2 0.04765625 0.390625 0.0359375 0.06640625
2 0.93046875 0.42109375 0.02890625 0.03671875