1 0.10859375 0.42109375 0.034375 0.0359375
1 0.1359375 0.4609375 0.02578125 0.028125
1 0.2125 0.44453125 0.02578125 0.0203125
1 0.35703125 0.45390625 0.025 0.034375
1 0.57578125 0.44765625 0.02890625 0.03515625
1 0.6203125 0.4390625 0.02578125 0.034375
1 0.67421875 0.40234375 0.03359375 0.03984375
1 0.771875 0.4921875 0.0328125 0.0515625
2 0.76015625 0.56171875 0.06015625 0.09296875
2 0.6734375 0.47890625 0.06328125 0.10546875
2 0.590625 0.51484375 0.04453125 0.09453125
2 0.35546875 0.51640625 0.03515625 0.08359375
2 0.215625 0.4890625 0.04296875 0.065625
2 0.128125 0.53046875 0.04140625 0.09765625
2 0.1015625 0.48515625 0.034375 0.07734375