1 0.65625 0.3203125 0.21015625 0.23828125
1 0.903125 0.35859375 0.19375 0.2546875
1 0.3765625 0.30234375 0.18203125 0.21484375
1 0.50234375 0.1734375 0.08359375 0.09375
1 0.0484375 0.2171875 0.06328125 0.1015625
1 0.15390625 0.2453125 0.06796875 0.0828125
1 0.3484375 0.153125 0.06640625 0.071875
2 0.30390625 0.73125 0.4203125 0.5375
2 0.73671875 0.77265625 0.43984375 0.4421875
2 0.49375 0.3203125 0.11015625 0.15078125
2 0.15546875 0.38046875 0.12734375 0.17109375
2 0.04375 0.34609375 0.08515625 0.12734375