1 0.8 0.35625 0.0625 0.0640625
1 0.74140625 0.48125 0.06015625 0.06015625
1 0.69375 0.46015625 0.0390625 0.05390625
1 0.646875 0.4625 0.06015625 0.0671875
1 0.55234375 0.3703125 0.06640625 0.078125
1 0.42734375 0.346875 0.06484375 0.06640625
1 0.73828125 0.309375 0.046875 0.065625
1 0.68828125 0.2515625 0.0421875 0.059375
1 0.609375 0.25390625 0.04375 0.06328125
1 0.496875 0.23515625 0.05859375 0.06953125
1 0.37265625 0.25390625 0.05546875 0.059375
1 0.3015625 0.2265625 0.05234375 0.0609375
1 0.221875 0.26015625 0.053125 0.05
1 0.19296875 0.23671875 0.0515625 0.059375
1 0.10546875 0.46328125 0.0640625 0.0828125
1 0.2203125 0.4984375 0.05859375 0.08515625
1 0.2875 0.4640625 0.06015625 0.075
2 0.4421875 0.5265625 0.09609375 0.1953125
2 0.5421875 0.540625 0.08125 0.23125
2 0.62421875 0.58203125 0.08828125 0.14609375
2 0.7765625 0.6328125 0.0859375 0.19453125
2 0.84609375 0.5 0.1484375 0.1359375
2 0.7015625 0.6140625 0.065625 0.14765625
2 0.3015625 0.603125 0.1 0.16796875
2 0.21484375 0.6125 0.11640625 0.15390625
2 0.1 0.6125 0.1078125 0.16796875
2 0.1625 0.3640625 0.07578125 0.171875
2 0.21875 0.38359375 0.06640625 0.134375
2 0.29921875 0.346875 0.115625 0.13125
2 0.38125 0.3671875 0.0984375 0.1625
2 0.50703125 0.3359375 0.103125 0.09140625
2 0.60625 0.37890625 0.07734375 0.1453125
2 0.675 0.3546875 0.07265625 0.12890625
2 0.740625 0.3921875 0.08984375 0.0921875