2 0.353125 0.6953125 0.20859375 0.23828125
2 0.4609375 0.45859375 0.1796875 0.10546875
2 0.6625 0.43828125 0.1 0.125
2 0.859375 0.36796875 0.1265625 0.1078125
2 0.75546875 0.39375 0.084375 0.12890625
2 0.9625 0.38203125 0.07421875 0.06484375
2 0.44296875 0.35546875 0.0953125 0.04609375
2 0.3328125 0.34921875 0.090625 0.07265625
2 0.225 0.35 0.10234375 0.06953125
2 0.15625 0.32578125 0.0765625 0.0421875
2 0.09296875 0.328125 0.0609375 0.05546875
1 0.0875 0.278125 0.04375 0.034375
1 0.16640625 0.2859375 0.0484375 0.02578125
1 0.21953125 0.30234375 0.04765625 0.0296875
1 0.3328125 0.2953125 0.04375 0.02890625
1 0.45234375 0.3109375 0.03984375 0.0265625
1 0.68046875 0.33046875 0.0890625 0.04765625
1 0.48125 0.3828125 0.09609375 0.07578125
1 0.3875 0.52265625 0.11171875 0.0984375
1 0.709375 0.234375 0.0765625 0.0671875
1 0.7703125 0.25703125 0.09375 0.06875
1 0.87578125 0.27578125 0.0953125 0.071875
1 0.96171875 0.33125 0.0421875 0.040625