1 0.8609375 0.3203125 0.0375 0.03515625
1 0.834375 0.409375 0.0375 0.04765625
1 0.80703125 0.3359375 0.03203125 0.0484375
1 0.75625 0.39140625 0.0359375 0.04375
1 0.72109375 0.39921875 0.03984375 0.04453125
1 0.68671875 0.37421875 0.03203125 0.04765625
1 0.64296875 0.3625 0.03046875 0.05234375
1 0.609375 0.384375 0.03203125 0.0484375
1 0.56328125 0.34375 0.03125 0.0390625
1 0.5125 0.3640625 0.03515625 0.05234375
1 0.44921875 0.37421875 0.03671875 0.05
1 0.4078125 0.396875 0.03515625 0.0546875
1 0.3640625 0.35546875 0.03125 0.05
1 0.3140625 0.3328125 0.0328125 0.04921875
1 0.2609375 0.3734375 0.0375 0.05078125
1 0.2109375 0.3484375 0.0390625 0.05546875
1 0.13984375 0.3359375 0.03984375 0.05859375
2 0.1359375 0.4734375 0.07421875 0.171875
2 0.2015625 0.47734375 0.071875 0.1671875
2 0.2578125 0.5015625 0.0578125 0.1625
2 0.31015625 0.45546875 0.059375 0.15625
2 0.3671875 0.4171875 0.0453125 0.05859375
2 0.39609375 0.5140625 0.05390625 0.12890625
2 0.45078125 0.4953125 0.05078125 0.1625
2 0.51328125 0.48828125 0.06484375 0.15
2 0.5640625 0.41171875 0.0609375 0.05234375
2 0.6 0.51953125 0.0484375 0.14921875
2 0.64609375 0.4875 0.05859375 0.17109375
2 0.72890625 0.51953125 0.0859375 0.15625
2 0.83125 0.5296875 0.05546875 0.14375
2 0.88515625 0.453125 0.07421875 0.1640625
2 0.7984375 0.40859375 0.053125 0.065625