2 0.78125 0.4890625 0.12265625 0.2890625
2 0.68515625 0.49921875 0.1 0.24375
2 0.58671875 0.40546875 0.11015625 0.13125
2 0.48828125 0.44453125 0.09609375 0.17578125
2 0.37421875 0.50390625 0.12421875 0.21640625
2 0.18515625 0.4828125 0.153125 0.1859375
2 0.28125 0.45 0.07421875 0.18671875
1 0.796875 0.2375 0.07734375 0.07890625
1 0.67734375 0.2859375 0.07578125 0.08046875
1 0.58125 0.253125 0.0765625 0.0734375
1 0.49765625 0.2703125 0.0578125 0.06484375
1 0.40390625 0.3 0.08671875 0.08125
1 0.28984375 0.26484375 0.07421875 0.07578125
1 0.21328125 0.25703125 0.06640625 0.071875