2 0.8328125 0.43984375 0.0765625 0.16484375
2 0.7203125 0.396875 0.0890625 0.2171875
2 0.965625 0.79453125 0.053125 0.06875
2 0.609375 0.421875 0.0734375 0.1796875
2 0.5 0.6859375 0.08515625 0.1515625
2 0.29375 0.5796875 0.07265625 0.24453125
2 0.16796875 0.63984375 0.07734375 0.165625
2 0.0171875 0.6015625 0.034375 0.1578125
1 0.0234375 0.4921875 0.0328125 0.05703125
1 0.175 0.4953125 0.06015625 0.0828125
1 0.30078125 0.3734375 0.06171875 0.05703125
1 0.63828125 0.30859375 0.07421875 0.07734375
1 0.7453125 0.28671875 0.0640625 0.09609375
1 0.8609375 0.3328125 0.0578125 0.08828125
1 0.959375 0.734375 0.0359375 0.06015625