2 0.853125 0.5109375 0.15859375 0.25234375
2 0.71953125 0.55703125 0.1265625 0.3
2 0.58515625 0.6203125 0.1640625 0.3484375
2 0.475 0.51484375 0.0859375 0.13046875
2 0.43671875 0.33984375 0.06875 0.10078125
2 0.36796875 0.35546875 0.0640625 0.13828125
2 0.3109375 0.3875 0.04921875 0.1375
2 0.1359375 0.44296875 0.1 0.11953125
1 0.12578125 0.3171875 0.06015625 0.07109375
1 0.3078125 0.278125 0.04921875 0.0546875
1 0.36484375 0.2546875 0.04453125 0.046875
1 0.43359375 0.25703125 0.0359375 0.040625
1 0.56328125 0.25703125 0.04765625 0.06015625
1 0.47734375 0.35078125 0.04609375 0.0703125
1 0.54140625 0.34140625 0.10390625 0.08984375
1 0.646875 0.30859375 0.0875 0.115625
1 0.72734375 0.3390625 0.0515625 0.0765625
1 0.8390625 0.30703125 0.0953125 0.121875