2 0.86328125 0.63984375 0.14921875 0.503125
2 0.6984375 0.553125 0.1953125 0.4171875
2 0.54921875 0.5703125 0.18984375 0.41328125
2 0.3859375 0.54609375 0.17578125 0.403125
2 0.234375 0.5609375 0.14140625 0.34453125
2 0.0734375 0.53125 0.146875 0.3609375
1 0.08984375 0.26875 0.084375 0.1109375
1 0.23984375 0.29375 0.08359375 0.10390625
1 0.43203125 0.21328125 0.11171875 0.16796875
1 0.66171875 0.215625 0.08984375 0.17265625
1 0.8140625 0.2234375 0.1390625 0.20703125
1 0.52578125 0.240625 0.12421875 0.1546875
1 0.3375 0.2921875 0.1046875 0.10703125