1 0.1671875 0.1328125 0.1328125 0.1625
1 0.30859375 0.265625 0.09609375 0.1171875
1 0.48359375 0.21171875 0.09609375 0.13359375
1 0.575 0.26484375 0.08984375 0.13515625
1 0.78125 0.25 0.209375 0.19140625
1 0.653125 0.29921875 0.1109375 0.15390625
2 0.84453125 0.59140625 0.27578125 0.3375
2 0.68203125 0.6109375 0.12421875 0.1890625
2 0.54609375 0.52421875 0.14609375 0.22109375
2 0.45625 0.42109375 0.13515625 0.21484375
2 0.3015625 0.43515625 0.1515625 0.14921875
2 0.1296875 0.3453125 0.25859375 0.27578125