1 0.1859375 0.14296875 0.1078125 0.11328125
1 0.33515625 0.14921875 0.0765625 0.1140625
1 0.4515625 0.23828125 0.0765625 0.1203125
1 0.53828125 0.18515625 0.078125 0.13125
1 0.6328125 0.07578125 0.08828125 0.11640625
1 0.7125 0.05625 0.103125 0.1125
2 0.7625 0.4296875 0.2265625 0.478125
2 0.66015625 0.24375 0.13828125 0.11953125
2 0.57421875 0.46796875 0.18359375 0.375
2 0.484375 0.5890625 0.19140625 0.4515625
2 0.3484375 0.34140625 0.16953125 0.15546875
2 0.21015625 0.49609375 0.27734375 0.41875