1 0.85546875 0.2875 0.05078125 0.05859375
1 0.72734375 0.23125 0.0515625 0.05546875
1 0.68046875 0.21484375 0.04453125 0.046875
1 0.61015625 0.246875 0.04140625 0.04609375
1 0.57890625 0.253125 0.0375 0.04609375
1 0.52265625 0.19140625 0.03359375 0.05
1 0.4421875 0.20703125 0.03828125 0.04375
1 0.38671875 0.25625 0.04375 0.05859375
1 0.3109375 0.24921875 0.0421875 0.04765625
1 0.24453125 0.23046875 0.04609375 0.0609375
1 0.6125 0.428125 0.03984375 0.05859375
1 0.5640625 0.540625 0.040625 0.06875
1 0.4921875 0.34609375 0.053125 0.06484375
1 0.4421875 0.4609375 0.0578125 0.0640625
1 0.3171875 0.490625 0.0546875 0.0765625
1 0.165625 0.2328125 0.05234375 0.05859375
2 0.1625 0.39921875 0.08203125 0.1984375
2 0.23671875 0.39609375 0.075 0.1953125
2 0.315625 0.39921875 0.0828125 0.15703125
2 0.3828125 0.4140625 0.08828125 0.15859375
2 0.44296875 0.3 0.0765625 0.04453125
2 0.49609375 0.471875 0.084375 0.121875
2 0.51484375 0.2875 0.0953125 0.090625
2 0.60859375 0.36953125 0.1 0.0640625
2 0.6796875 0.30546875 0.078125 0.06171875
2 0.73671875 0.4265625 0.12890625 0.19375
2 0.85234375 0.4765625 0.09375 0.21796875
2 0.559375 0.6625 0.0828125 0.16015625
2 0.61484375 0.559375 0.07734375 0.13125
2 0.4421875 0.63984375 0.1265625 0.234375
2 0.31328125 0.6375 0.11484375 0.15859375