2 0.85703125 0.56953125 0.16796875 0.36328125
2 0.65703125 0.596875 0.24140625 0.38203125
2 0.43828125 0.74453125 0.17265625 0.27578125
2 0.36328125 0.54453125 0.11875 0.12109375
2 0.14375 0.640625 0.1453125 0.34453125
2 0.55625 0.11640625 0.10703125 0.09921875
2 0.70078125 0.27578125 0.11640625 0.1046875
2 0.796875 0.21328125 0.10390625 0.10078125
2 0.4890625 0.240625 0.090625 0.10703125
2 0.403125 0.23515625 0.103125 0.0875
2 0.3046875 0.23828125 0.0984375 0.1015625
2 0.196875 0.240625 0.0921875 0.1234375
2 0.096875 0.153125 0.0921875 0.0921875
1 0.08125 0.04453125 0.053125 0.05546875
1 0.2 0.03828125 0.05390625 0.0546875
1 0.14765625 0.35078125 0.1296875 0.134375
1 0.20625 0.15 0.0546875 0.06640625
1 0.309375 0.15546875 0.0515625 0.053125
1 0.39921875 0.1453125 0.059375 0.06015625
1 0.49453125 0.1421875 0.03671875 0.06328125
1 0.41171875 0.01640625 0.0671875 0.0328125
1 0.55546875 0.01796875 0.0703125 0.03046875
1 0.796875 0.11328125 0.06015625 0.08125
1 0.87890625 0.1859375 0.0546875 0.06171875
1 0.6921875 0.17578125 0.0546875 0.0609375
1 0.97734375 0.01484375 0.0453125 0.0296875
1 0.8515625 0.31484375 0.109375 0.17578125
1 0.62109375 0.3234375 0.096875 0.153125
1 0.39765625 0.346875 0.1109375 0.103125
1 0.43515625 0.5125 0.10234375 0.16875