2 0.82890625 0.56484375 0.14765625 0.1625
2 0.6453125 0.58046875 0.19609375 0.2296875
2 0.4375 0.73515625 0.19921875 0.28828125
2 0.071875 0.640625 0.14375 0.13359375
2 0.20234375 0.9125 0.37890625 0.175
2 0.2796875 0.35859375 0.13046875 0.19375
2 0.42890625 0.32421875 0.10390625 0.1828125
2 0.553125 0.3625 0.09375 0.2015625
2 0.0578125 0.36328125 0.06484375 0.06328125
1 0.54453125 0.21484375 0.05625 0.06640625
1 0.434375 0.1875 0.05703125 0.0578125
1 0.28984375 0.2046875 0.04765625 0.0671875
1 0.82734375 0.428125 0.07890625 0.10625
1 0.66015625 0.4171875 0.08203125 0.084375
1 0.43828125 0.49296875 0.11015625 0.15
1 0.22734375 0.728125 0.2140625 0.315625
1 0.06328125 0.51328125 0.109375 0.15
1 0.05 0.31328125 0.0328125 0.03359375
1 0.0765625 0.30859375 0.02890625 0.021875