2 0.94296875 0.39140625 0.11328125 0.38515625
2 0.8578125 0.371875 0.0796875 0.27265625
2 0.76640625 0.26875 0.1078125 0.24609375
2 0.69296875 0.209375 0.09296875 0.23203125
2 0.60234375 0.4484375 0.08515625 0.2359375
2 0.5390625 0.2953125 0.0484375 0.19375
2 0.4359375 0.309375 0.12578125 0.24765625
2 0.2921875 0.34921875 0.1453125 0.30078125
1 0.28671875 0.11328125 0.08671875 0.0875
1 0.34609375 0.08984375 0.05234375 0.08828125
1 0.4296875 0.121875 0.0671875 0.08984375
1 0.49921875 0.09296875 0.0625 0.078125
1 0.5625 0.13828125 0.06796875 0.06875
1 0.60234375 0.25 0.05625 0.07734375
1 0.578125 0.1921875 0.07421875 0.07265625
1 0.6859375 0.0328125 0.06171875 0.06484375
1 0.7609375 0.05625 0.078125 0.06953125
1 0.940625 0.1 0.08671875 0.11953125
1 0.86015625 0.1546875 0.07421875 0.1234375