1 0.23828125 0.41953125 0.0375 0.0359375
1 0.3671875 0.3875 0.0484375 0.06015625
1 0.4859375 0.40859375 0.04375 0.0421875
1 0.5859375 0.43203125 0.0296875 0.046875
1 0.63359375 0.4265625 0.02890625 0.03515625
1 0.6671875 0.40625 0.03515625 0.0484375
1 0.70625 0.4171875 0.05 0.065625
2 0.3640625 0.54140625 0.10390625 0.20390625
2 0.23671875 0.51796875 0.0578125 0.121875
2 0.48828125 0.51328125 0.06953125 0.134375
2 0.59453125 0.5171875 0.05703125 0.09921875
2 0.70859375 0.51015625 0.071875 0.13125
2 0.66328125 0.51171875 0.0625 0.134375