1 0.96328125 0.3140625 0.05859375 0.06484375
1 0.9 0.30234375 0.04921875 0.05859375
1 0.825 0.28203125 0.059375 0.05625
1 0.7390625 0.265625 0.0421875 0.04609375
1 0.67265625 0.28828125 0.04375 0.05234375
1 0.58125 0.3078125 0.04609375 0.0515625
1 0.49375 0.359375 0.0421875 0.0484375
1 0.475 0.30703125 0.04140625 0.046875
1 0.44609375 0.26875 0.0546875 0.0546875
1 0.41796875 0.3609375 0.0515625 0.0546875
1 0.38671875 0.31171875 0.04609375 0.04921875
1 0.346875 0.28828125 0.0375 0.0453125
1 0.309375 0.31953125 0.034375 0.0640625
1 0.3453125 0.33828125 0.04140625 0.06640625
1 0.28125 0.29921875 0.04140625 0.05234375
1 0.2265625 0.3453125 0.0421875 0.05546875
1 0.18828125 0.3203125 0.04453125 0.0515625
1 0.2625 0.34140625 0.046875 0.046875
1 0.1609375 0.34296875 0.03671875 0.046875
1 0.05703125 0.33125 0.05234375 0.0484375
2 0.06015625 0.45625 0.09375 0.14921875
2 0.175 0.4375 0.05390625 0.13984375
2 0.22890625 0.46484375 0.0890625 0.1375
2 0.33125 0.45703125 0.06953125 0.14765625
2 0.409375 0.47734375 0.096875 0.1421875
2 0.48671875 0.4796875 0.07890625 0.1640625
2 0.584375 0.4359375 0.09140625 0.16171875
2 0.66796875 0.4046875 0.078125 0.1484375
2 0.74375 0.40078125 0.0703125 0.15546875
2 0.82109375 0.40625 0.1015625 0.16640625
2 0.88671875 0.42265625 0.1046875 0.15
2 0.953125 0.46484375 0.08984375 0.20859375