2 0.8375 0.74921875 0.325 0.3109375
2 0.615625 0.928125 0.465625 0.14375
2 0.17890625 0.9421875 0.3578125 0.115625
2 0.359375 0.6984375 0.27890625 0.3515625
2 0.12734375 0.46484375 0.24609375 0.20234375
1 0.13046875 0.1671875 0.16484375 0.15625
1 0.48203125 0.278125 0.13671875 0.19765625
1 0.31328125 0.33984375 0.14921875 0.18984375
1 0.5796875 0.10625 0.1578125 0.1609375
1 0.71328125 0.2421875 0.15078125 0.14453125
1 0.80390625 0.34296875 0.19453125 0.21640625
1 0.9109375 0.15859375 0.1703125 0.18984375
1 0.653125 0.44296875 0.1734375 0.17109375
1 0.1296875 0.65625 0.20078125 0.1984375
1 0.5921875 0.61015625 0.18828125 0.2125