2 0.76875 0.36953125 0.0921875 0.1734375
2 0.6078125 0.3875 0.08046875 0.140625
2 0.40390625 0.4734375 0.0625 0.13203125
2 0.3625 0.36640625 0.078125 0.125
2 0.43671875 0.3296875 0.05 0.08515625
2 0.4828125 0.28359375 0.0515625 0.0625
2 0.51953125 0.31875 0.05546875 0.0265625
2 0.26875 0.4328125 0.046875 0.13203125
2 0.22109375 0.415625 0.05234375 0.10078125
2 0.0734375 0.471875 0.053125 0.09296875
2 0.13828125 0.43828125 0.03203125 0.0796875
2 0.175 0.4359375 0.040625 0.06796875
2 0.49296875 0.4015625 0.040625 0.075
1 0.76796875 0.22109375 0.04296875 0.04296875
1 0.6015625 0.259375 0.05703125 0.05234375
1 0.51953125 0.2625 0.03828125 0.046875
1 0.48828125 0.22734375 0.028125 0.0375
1 0.44375 0.25703125 0.040625 0.04140625
1 0.378125 0.278125 0.0375 0.04375
1 0.28046875 0.26484375 0.03671875 0.03515625
1 0.28515625 0.32578125 0.03671875 0.03125
1 0.23359375 0.328125 0.03984375 0.0390625
1 0.178125 0.365625 0.03203125 0.0265625
1 0.14765625 0.36953125 0.0296875 0.03203125
1 0.07265625 0.384375 0.0390625 0.04453125
1 0.5359375 0.340625 0.0328125 0.03515625
1 0.49375 0.33828125 0.03046875 0.04453125
1 0.40703125 0.3703125 0.034375 0.03828125