2 0.028125 0.61953125 0.05625 0.17890625
2 0.08203125 0.67421875 0.08125 0.1609375
2 0.1515625 0.62109375 0.0734375 0.19921875
2 0.2296875 0.61640625 0.08828125 0.17578125
2 0.296875 0.5984375 0.0671875 0.21484375
2 0.37109375 0.6015625 0.0671875 0.190625
2 0.45 0.6609375 0.07734375 0.20234375
2 0.5203125 0.625 0.07421875 0.171875
2 0.58828125 0.63828125 0.07890625 0.16875
2 0.65078125 0.696875 0.08359375 0.16640625
2 0.715625 0.64765625 0.08515625 0.14609375
2 0.7734375 0.61796875 0.08359375 0.19609375
2 0.8484375 0.6546875 0.08515625 0.1703125
2 0.91953125 0.62734375 0.07421875 0.19453125
2 0.978125 0.62734375 0.04375 0.1765625
1 0.9765625 0.51875 0.046875 0.053125
1 0.9234375 0.48203125 0.04765625 0.065625
1 0.8390625 0.5 0.04296875 0.05625
1 0.7765625 0.49140625 0.0421875 0.0625
1 0.709375 0.5234375 0.05859375 0.0703125
1 0.65078125 0.55390625 0.03828125 0.0609375
1 0.5921875 0.5046875 0.03984375 0.05546875
1 0.5265625 0.51171875 0.03984375 0.0546875
1 0.4578125 0.53046875 0.046875 0.065625
1 0.3859375 0.4828125 0.04765625 0.0671875
1 0.3125 0.4765625 0.046875 0.065625
1 0.23125 0.4828125 0.046875 0.0609375
1 0.1625 0.49296875 0.03984375 0.05546875
1 0.03984375 0.4921875 0.04765625 0.0703125
1 0.096875 0.54609375 0.0515625 0.059375