1 0.86484375 0.1609375 0.0765625 0.09765625
1 0.75859375 0.2234375 0.07890625 0.08828125
1 0.675 0.21953125 0.0671875 0.07578125
1 0.56640625 0.29921875 0.06171875 0.075
1 0.55 0.20859375 0.0625 0.07890625
1 0.44453125 0.1875 0.0703125 0.0703125
1 0.48671875 0.27421875 0.06171875 0.0828125
1 0.39296875 0.24140625 0.06015625 0.0640625
1 0.2953125 0.253125 0.05859375 0.06640625
1 0.1875 0.2375 0.08125 0.0859375
1 0.29921875 0.478125 0.0828125 0.0875
1 0.2359375 0.55 0.065625 0.0671875
2 0.90546875 0.4046875 0.13671875 0.30703125
2 0.79453125 0.453125 0.121875 0.28984375
2 0.6765625 0.35546875 0.146875 0.15
2 0.578125 0.48125 0.159375 0.215625
2 0.4703125 0.465625 0.08828125 0.221875
2 0.3796875 0.4375 0.11796875 0.2078125
2 0.28828125 0.39140625 0.08671875 0.11171875
2 0.16796875 0.41484375 0.13984375 0.1625
2 0.21875 0.7015625 0.128125 0.1890625
2 0.3015625 0.64609375 0.0890625 0.2078125