1 0.93203125 0.328125 0.03046875 0.03984375
1 0.8515625 0.38125 0.03515625 0.04375
1 0.784375 0.29765625 0.02890625 0.03984375
1 0.66953125 0.33671875 0.01953125 0.034375
1 0.60078125 0.290625 0.04296875 0.04453125
1 0.4734375 0.371875 0.06484375 0.07421875
1 0.46171875 0.315625 0.03046875 0.0328125
1 0.403125 0.33515625 0.02109375 0.03359375
1 0.38046875 0.3234375 0.02578125 0.03671875
1 0.34921875 0.34140625 0.03125 0.040625
1 0.2703125 0.33828125 0.03984375 0.0546875
1 0.20078125 0.3359375 0.0265625 0.0265625
1 0.96796875 0.3296875 0.02890625 0.02265625
1 0.1453125 0.33125 0.0265625 0.04375
1 0.0203125 0.33671875 0.03515625 0.025
2 0.0203125 0.37890625 0.03046875 0.0484375
2 0.14140625 0.3953125 0.0359375 0.08046875
2 0.20234375 0.378125 0.03671875 0.07265625
2 0.3453125 0.4 0.0375 0.071875
2 0.39609375 0.3984375 0.04140625 0.09453125
2 0.50234375 0.5046875 0.128125 0.18203125
2 0.26171875 0.41796875 0.065625 0.1046875
2 0.5828125 0.36640625 0.0671875 0.13125
2 0.78671875 0.37890625 0.03359375 0.1078125
2 0.86015625 0.4515625 0.04921875 0.0890625
2 0.93125 0.38671875 0.06640625 0.07734375