1 0.9515625 0.25703125 0.0765625 0.09296875
1 0.65703125 0.19921875 0.04921875 0.08359375
1 0.6703125 0.30234375 0.1109375 0.10234375
1 0.50703125 0.1953125 0.06171875 0.0875
1 0.4453125 0.2140625 0.0515625 0.0703125
1 0.421875 0.28046875 0.0734375 0.08359375
1 0.3375 0.29375 0.08515625 0.10390625
1 0.26875 0.1984375 0.07265625 0.08125
1 0.14296875 0.24609375 0.12734375 0.15234375
2 0.196875 0.66953125 0.14140625 0.5859375
2 0.4203125 0.4734375 0.1015625 0.28203125
2 0.6625 0.5453125 0.09765625 0.35078125
2 0.9390625 0.44921875 0.11875 0.24609375
2 0.53203125 0.371875 0.09921875 0.2171875
2 0.33125 0.4578125 0.11015625 0.2203125
2 0.25625 0.340625 0.08515625 0.1796875