2 0.83984375 0.56484375 0.10625 0.25703125
2 0.7234375 0.453125 0.0640625 0.1484375
2 0.64375 0.459375 0.0875 0.13984375
2 0.575 0.46796875 0.0640625 0.1453125
2 0.48671875 0.4375 0.09765625 0.1328125
2 0.3953125 0.446875 0.053125 0.1359375
2 0.3140625 0.45078125 0.07578125 0.14375
2 0.23515625 0.49140625 0.07109375 0.1359375
2 0.16171875 0.61328125 0.1125 0.24140625
2 0.05234375 0.46171875 0.08046875 0.09296875
2 0.03828125 0.7 0.0765625 0.33203125
1 0.97734375 0.3453125 0.0453125 0.06484375
2 0.946875 0.5015625 0.10625 0.22265625
1 0.9296875 0.3453125 0.04609375 0.06484375
1 0.859375 0.36484375 0.0703125 0.06328125
1 0.8234375 0.34375 0.04296875 0.06171875
1 0.73125 0.340625 0.0390625 0.05
1 0.65078125 0.3453125 0.04296875 0.0453125
1 0.56875 0.36328125 0.04609375 0.04296875
1 0.47890625 0.35 0.04609375 0.04609375
1 0.3921875 0.34921875 0.0421875 0.04765625
1 0.31640625 0.3515625 0.0390625 0.04296875
1 0.23046875 0.3828125 0.04375 0.06015625
1 0.14453125 0.4265625 0.071875 0.0578125
1 0.084375 0.37421875 0.11875 0.07109375