2 0.2375 0.475 0.15078125 0.29375
2 0.1203125 0.38828125 0.07109375 0.15
2 0.3265625 0.38515625 0.0859375 0.15390625
2 0.5234375 0.375 0.1125 0.1984375
2 0.6484375 0.40546875 0.0796875 0.209375
2 0.703125 0.3375 0.053125 0.16015625
2 0.76171875 0.3609375 0.078125 0.14765625
1 0.77734375 0.2203125 0.04765625 0.0578125
1 0.7046875 0.21640625 0.0375 0.053125
1 0.65234375 0.23125 0.05703125 0.05234375
1 0.5359375 0.21953125 0.0703125 0.078125
1 0.11796875 0.26875 0.040625 0.04609375
1 0.246875 0.21171875 0.08984375 0.10859375
1 0.29453125 0.25703125 0.05546875 0.06015625