1 0.24453125 0.47109375 0.034375 0.05390625
1 0.2859375 0.51015625 0.0296875 0.05625
1 0.378125 0.49765625 0.0359375 0.04296875
1 0.52578125 0.4828125 0.0390625 0.03984375
1 0.578125 0.48984375 0.03671875 0.05
1 0.6796875 0.5109375 0.03359375 0.0453125
1 0.79921875 0.59375 0.034375 0.0484375
1 0.859375 0.57421875 0.02890625 0.04296875
1 0.52109375 0.52890625 0.04921875 0.05546875
2 0.87265625 0.6640625 0.06953125 0.1296875
2 0.79296875 0.66484375 0.05078125 0.096875
2 0.6921875 0.61171875 0.07890625 0.1421875
2 0.5734375 0.5875 0.06328125 0.12578125
2 0.5296875 0.61171875 0.059375 0.125
2 0.496875 0.57265625 0.03984375 0.13203125
2 0.38125 0.59375 0.071875 0.115625
2 0.31640625 0.56796875 0.0625 0.10390625
2 0.2421875 0.5609375 0.0734375 0.121875