1 0.49140625 0.275 0.15546875 0.1609375
1 0.65 0.19375 0.1171875 0.165625
1 0.7328125 0.4921875 0.15703125 0.1765625
1 0.61015625 0.621875 0.13046875 0.17265625
1 0.4234375 0.54921875 0.13828125 0.18359375
2 0.36328125 0.8359375 0.2578125 0.328125
2 0.81328125 0.853125 0.2890625 0.29375
2 0.37890625 0.39375 0.13046875 0.1359375
2 0.66953125 0.4078125 0.24921875 0.1203125
1 0.1625 0.11328125 0.07265625 0.11796875
1 0.0390625 0.11796875 0.078125 0.10859375
2 0.0828125 0.3359375 0.15703125 0.26953125
2 0.18671875 0.29453125 0.096875 0.25546875
1 0.7015625 0.0671875 0.0640625 0.1140625