2 0.9140625 0.67890625 0.171875 0.6421875
2 0.109375 0.4203125 0.1875 0.38984375
2 0.30625 0.4296875 0.22890625 0.3703125
2 0.55625 0.38046875 0.11953125 0.109375
2 0.7109375 0.3375 0.09765625 0.15546875
2 0.59609375 0.66484375 0.18203125 0.19140625
2 0.44609375 0.45234375 0.09765625 0.32109375
1 0.5109375 0.11796875 0.06328125 0.0765625
1 0.66328125 0.15 0.05625 0.08515625
1 0.71796875 0.14296875 0.06875 0.09765625
1 0.9234375 0.1078125 0.153125 0.21484375
1 0.75 0.0203125 0.08125 0.040625
1 0.4109375 0.17734375 0.07890625 0.103125
1 0.29296875 0.1453125 0.0734375 0.08359375
1 0.34140625 0.10625 0.053125 0.06875
1 0.10234375 0.1171875 0.0953125 0.09921875
1 0.246875 0.15546875 0.05625 0.09453125
1 0.5578125 0.23046875 0.07109375 0.11484375
1 0.5625 0.48828125 0.09140625 0.1515625