1 0.2765625 0.04609375 0.0640625 0.08984375
1 0.371875 0.05546875 0.1109375 0.10859375
1 0.47734375 0.10078125 0.09140625 0.10546875
1 0.6171875 0.16640625 0.08828125 0.09921875
1 0.6921875 0.08046875 0.06328125 0.08359375
1 0.8953125 0.1671875 0.0890625 0.09375
1 0.85625 0.078125 0.046875 0.0546875
2 0.875 0.36171875 0.1421875 0.29609375
2 0.7171875 0.203125 0.0953125 0.1546875
2 0.83828125 0.14453125 0.03671875 0.09296875
2 0.61875 0.434375 0.19765625 0.3546875
2 0.3625 0.3171875 0.14765625 0.29453125
2 0.48125 0.2640625 0.1328125 0.15078125
2 0.27578125 0.2125 0.12421875 0.17890625