1 0.81875 0.5265625 0.03125 0.03515625
1 0.503125 0.36171875 0.03515625 0.04296875
1 0.4859375 0.63984375 0.0390625 0.0390625
1 0.4296875 0.6390625 0.03671875 0.04375
1 0.19140625 0.309375 0.034375 0.03671875
1 0.34296875 0.4890625 0.03203125 0.0515625
1 0.303125 0.5453125 0.02734375 0.03359375
1 0.24921875 0.5171875 0.03515625 0.0453125
1 0.59921875 0.15859375 0.03125 0.0375
1 0.67578125 0.1640625 0.034375 0.04453125
1 0.7859375 0.30234375 0.02578125 0.03046875
1 0.85234375 0.2703125 0.025 0.0328125
1 0.8609375 0.2921875 0.0203125 0.03828125
2 0.52421875 0.459375 0.07421875 0.1234375
2 0.67265625 0.228125 0.03515625 0.09296875
2 0.58359375 0.1984375 0.03671875 0.06640625
2 0.1640625 0.390625 0.06640625 0.125
2 0.3515625 0.5515625 0.05546875 0.0796875
2 0.321875 0.6015625 0.0484375 0.071875
2 0.42109375 0.72734375 0.05546875 0.103125
2 0.48828125 0.72734375 0.053125 0.0984375
2 0.8203125 0.59453125 0.0640625 0.08125