1 0.65546875 0.4328125 0.06953125 0.05
1 0.5546875 0.51171875 0.05625 0.053125
1 0.48828125 0.4875 0.04921875 0.05625
1 0.409375 0.484375 0.0453125 0.04921875
1 0.4859375 0.603125 0.05703125 0.053125
1 0.41953125 0.59921875 0.0484375 0.05
1 0.34765625 0.60703125 0.046875 0.0515625
2 0.6984375 0.55859375 0.121875 0.14765625
2 0.58828125 0.58203125 0.10625 0.0984375
2 0.52890625 0.71328125 0.1296875 0.12265625
2 0.3078125 0.70390625 0.09609375 0.1296875
2 0.35078125 0.55234375 0.190625 0.04375
2 0.4796875 0.5421875 0.0859375 0.06953125