1 0.80390625 0.45859375 0.059375 0.06015625
1 0.6765625 0.39296875 0.0546875 0.05703125
1 0.58515625 0.42734375 0.0546875 0.0421875
1 0.52890625 0.45625 0.05625 0.071875
1 0.5078125 0.3671875 0.046875 0.05390625
1 0.44140625 0.36328125 0.0453125 0.0625
1 0.7703125 0.6109375 0.06015625 0.078125
1 0.646875 0.496875 0.06171875 0.0671875
1 0.63515625 0.6234375 0.05859375 0.06953125
1 0.53515625 0.6390625 0.059375 0.0671875
1 0.43671875 0.64765625 0.0515625 0.053125
1 0.325 0.628125 0.071875 0.07578125
1 0.3953125 0.39453125 0.04296875 0.053125
1 0.16015625 0.26171875 0.0484375 0.05234375
1 0.25390625 0.32578125 0.05546875 0.06171875
1 0.3765625 0.32890625 0.0484375 0.04296875
1 0.30703125 0.4 0.05390625 0.06171875
1 0.2859375 0.4703125 0.07109375 0.07421875
1 0.36640625 0.4890625 0.059375 0.078125
2 0.83671875 0.60390625 0.1265625 0.178125
2 0.76640625 0.7453125 0.11484375 0.13671875
2 0.6453125 0.7578125 0.12265625 0.16640625
2 0.534375 0.7515625 0.1140625 0.140625
2 0.434375 0.7546875 0.0875 0.128125
2 0.3203125 0.778125 0.13671875 0.175
2 0.2359375 0.6125 0.159375 0.12578125
2 0.4265625 0.4984375 0.10390625 0.14375
2 0.54375 0.54296875 0.09296875 0.090625
2 0.6515625 0.58125 0.10546875 0.0859375
2 0.69375 0.4625 0.13046875 0.07421875
2 0.834375 0.60078125 0.12734375 0.175
2 0.225 0.4140625 0.121875 0.06171875
2 0.16328125 0.3296875 0.09375 0.0875