1 0.0640625 0.2859375 0.0640625 0.0671875
1 0.32890625 0.26796875 0.0609375 0.05546875
1 0.3703125 0.3375 0.034375 0.03515625
1 0.48984375 0.33671875 0.0421875 0.05390625
1 0.4703125 0.29921875 0.04375 0.03046875
1 0.60078125 0.33515625 0.028125 0.03046875
1 0.62890625 0.34375 0.0296875 0.0390625
1 0.7390625 0.30625 0.06640625 0.0609375
1 0.85078125 0.29921875 0.0625 0.0625
1 0.6984375 0.36875 0.0421875 0.05625
2 0.8640625 0.484375 0.11171875 0.2109375
2 0.75546875 0.51171875 0.09375 0.22421875
2 0.63671875 0.428125 0.06015625 0.09609375
2 0.59140625 0.4140625 0.0328125 0.0796875
2 0.503125 0.47578125 0.1015625 0.15234375
2 0.3328125 0.46171875 0.10703125 0.240625
2 0.1015625 0.4546875 0.159375 0.20625
2 0.3890625 0.425 0.0453125 0.10390625