1 0.8828125 0.2984375 0.053125 0.06640625
1 0.7984375 0.24609375 0.040625 0.05546875
1 0.71328125 0.3078125 0.04375 0.04765625
1 0.65859375 0.24765625 0.03984375 0.05078125
1 0.65078125 0.32578125 0.03984375 0.0453125
1 0.58515625 0.25625 0.0390625 0.05625
1 0.54921875 0.27421875 0.03515625 0.03671875
1 0.58359375 0.309375 0.04296875 0.04296875
1 0.49921875 0.26953125 0.0328125 0.0390625
1 0.5109375 0.33359375 0.0296875 0.0390625
1 0.54765625 0.43359375 0.05390625 0.04375
1 0.40078125 0.41796875 0.0421875 0.053125
1 0.29609375 0.45234375 0.03515625 0.0515625
1 0.37265625 0.30078125 0.034375 0.04921875
1 0.41015625 0.271875 0.03125 0.03515625
1 0.34375 0.2734375 0.03984375 0.0359375
1 0.31171875 0.3109375 0.04375 0.034375
1 0.2703125 0.31875 0.03046875 0.0390625
1 0.215625 0.2890625 0.03359375 0.0390625
1 0.134375 0.28671875 0.03671875 0.040625
1 0.1734375 0.4234375 0.04453125 0.04453125
2 0.13046875 0.38203125 0.06953125 0.1109375
2 0.2015625 0.365625 0.06640625 0.0890625
2 0.18203125 0.51953125 0.07890625 0.11640625
2 0.296875 0.5390625 0.08046875 0.10703125
2 0.26484375 0.41171875 0.053125 0.11015625
2 0.309375 0.39140625 0.0484375 0.09375
2 0.36953125 0.365625 0.0796875 0.065625
2 0.4046875 0.528125 0.08828125 0.1234375
2 0.5546875 0.54765625 0.0828125 0.134375
2 0.496875 0.40703125 0.06875 0.08515625
2 0.4546875 0.4203125 0.05703125 0.12734375
2 0.65625 0.4296875 0.08203125 0.1375
2 0.5796875 0.40859375 0.07578125 0.11796875
2 0.70859375 0.4203125 0.06015625 0.12890625
2 0.79921875 0.371875 0.0828125 0.1671875
2 0.8875 0.41328125 0.084375 0.13828125