2 0.7484375 0.48046875 0.10078125 0.325
2 0.45625 0.5484375 0.08828125 0.2109375
2 0.38046875 0.41640625 0.09296875 0.203125
2 0.2421875 0.425 0.1125 0.23125
2 0.44296875 0.2859375 0.06171875 0.13828125
2 0.6015625 0.38046875 0.09296875 0.27265625
1 0.58125 0.16015625 0.07109375 0.06328125
1 0.67421875 0.0890625 0.07109375 0.09453125
1 0.73125 0.20625 0.05234375 0.08828125
1 0.453125 0.15546875 0.059375 0.08515625
1 0.45859375 0.371875 0.05234375 0.06875
1 0.39609375 0.24140625 0.0609375 0.0703125
1 0.23515625 0.22421875 0.071875 0.096875