2 0.06015625 0.53203125 0.1203125 0.2625
2 0.1984375 0.48125 0.10859375 0.13203125
2 0.2703125 0.47734375 0.0921875 0.15546875
2 0.3734375 0.4484375 0.1109375 0.1796875
2 0.48046875 0.44765625 0.0890625 0.16171875
2 0.60703125 0.478125 0.07734375 0.175
2 0.7 0.44609375 0.08359375 0.19296875
2 0.78046875 0.48671875 0.103125 0.14375
2 0.94453125 0.6015625 0.1109375 0.41328125
1 0.953125 0.3203125 0.09375 0.11875
1 0.89453125 0.365625 0.04609375 0.0765625
1 0.7953125 0.33984375 0.07890625 0.0828125
1 0.70859375 0.29140625 0.0609375 0.06953125
1 0.61328125 0.33671875 0.03984375 0.059375
1 0.578125 0.303125 0.03359375 0.04609375
1 0.48203125 0.3140625 0.05703125 0.075
1 0.36484375 0.3 0.0515625 0.0671875
1 0.24765625 0.34609375 0.0765625 0.059375
1 0.19296875 0.34375 0.0609375 0.0578125
1 0.2171875 0.29296875 0.04765625 0.06484375
1 0.04921875 0.3296875 0.075 0.0859375