1 0.815625 0.50078125 0.07734375 0.07109375
1 0.7015625 0.5046875 0.0453125 0.04765625
1 0.64453125 0.490625 0.0609375 0.0484375
1 0.36015625 0.49296875 0.12421875 0.096875
1 0.228125 0.44140625 0.0625 0.0640625
1 0.03828125 0.4015625 0.0765625 0.1296875
2 0.04765625 0.61015625 0.0953125 0.2734375
2 0.2 0.55390625 0.109375 0.14375
2 0.33984375 0.6703125 0.15625 0.21484375
2 0.4625 0.5515625 0.06796875 0.0875
2 0.6484375 0.5828125 0.075 0.134375
2 0.7 0.56328125 0.04921875 0.07890625
2 0.81015625 0.6375 0.1203125 0.1796875
1 0.46875 0.4859375 0.03984375 0.04140625