1 0.96640625 0.5859375 0.0671875 0.18359375
1 0.88671875 0.48828125 0.1 0.07734375
1 0.50625 0.421875 0.06640625 0.075
1 0.45703125 0.45546875 0.03828125 0.06015625
1 0.3984375 0.48046875 0.04453125 0.075
1 0.34765625 0.48671875 0.065625 0.078125
1 0.2953125 0.4046875 0.05625 0.06015625
1 0.17109375 0.3765625 0.06484375 0.059375
1 0.03515625 0.465625 0.0703125 0.09375
1 0.178125 0.5140625 0.07890625 0.109375
1 0.27109375 0.52109375 0.090625 0.15703125
2 0.28671875 0.803125 0.21015625 0.39375
2 0.05078125 0.7890625 0.1015625 0.421875
2 0.15703125 0.70078125 0.084375 0.2265625
2 0.50625 0.55859375 0.06875 0.1640625
2 0.87109375 0.62265625 0.1296875 0.16875
2 0.896875 0.846875 0.20546875 0.30625