2 0.8890625 0.59453125 0.07265625 0.1421875
2 0.8078125 0.6015625 0.0875 0.1328125
2 0.72734375 0.575 0.08828125 0.1140625
2 0.66171875 0.58046875 0.05859375 0.12578125
2 0.609375 0.596875 0.08125 0.134375
2 0.53828125 0.565625 0.07578125 0.1296875
2 0.47734375 0.57421875 0.0703125 0.1078125
2 0.19140625 0.54140625 0.075 0.165625
2 0.2703125 0.55703125 0.0515625 0.11875
2 0.3265625 0.559375 0.078125 0.146875
2 0.38203125 0.5671875 0.071875 0.11640625
1 0.19921875 0.4203125 0.0671875 0.06015625
1 0.284375 0.4765625 0.03828125 0.05703125
1 0.3421875 0.45234375 0.05078125 0.0671875
1 0.38515625 0.46796875 0.0484375 0.05703125
1 0.46875 0.47578125 0.04921875 0.06015625
1 0.4921875 0.45859375 0.0234375 0.0515625
1 0.5296875 0.4640625 0.03828125 0.040625
1 0.59609375 0.48203125 0.03125 0.05078125
1 0.62578125 0.4296875 0.04375 0.04453125
1 0.65703125 0.47578125 0.0484375 0.04296875
1 0.71484375 0.47578125 0.053125 0.04296875
1 0.78984375 0.48828125 0.05546875 0.0515625
1 0.86796875 0.475 0.06015625 0.053125