1 0.85390625 0.50859375 0.025 0.03359375
1 0.7875 0.50546875 0.02734375 0.03125
1 0.6703125 0.49296875 0.02265625 0.0328125
1 0.45234375 0.50859375 0.04375 0.05625
1 0.36015625 0.53203125 0.028125 0.04140625
1 0.0578125 0.5265625 0.04140625 0.04453125
2 0.06484375 0.640625 0.05625 0.1453125
2 0.359375 0.6125 0.05625 0.10859375
2 0.4578125 0.5796875 0.071875 0.1
2 0.54296875 0.62421875 0.0609375 0.12265625
2 0.628125 0.596875 0.0546875 0.09921875
2 0.67265625 0.56171875 0.0421875 0.10234375
2 0.7921875 0.56875 0.04921875 0.10078125
2 0.85390625 0.57890625 0.04375 0.08515625
2 0.91484375 0.571875 0.0421875 0.078125