1 0.89140625 0.23359375 0.06796875 0.06484375
1 0.80625 0.33125 0.04765625 0.05390625
1 0.728125 0.3109375 0.05390625 0.0515625
1 0.6109375 0.3 0.0578125 0.05390625
1 0.54375 0.30078125 0.0546875 0.05546875
1 0.4828125 0.31796875 0.0390625 0.04609375
1 0.3890625 0.31328125 0.04921875 0.04296875
1 0.33046875 0.3234375 0.04453125 0.04921875
1 0.2125 0.31953125 0.0453125 0.0578125
1 0.13203125 0.2890625 0.05546875 0.06484375
2 0.13125 0.453125 0.09921875 0.21171875
2 0.21796875 0.4703125 0.0921875 0.19921875
2 0.3109375 0.46015625 0.065625 0.1703125
2 0.3953125 0.45078125 0.06640625 0.1734375
2 0.46953125 0.45078125 0.06484375 0.15
2 0.54765625 0.43984375 0.0625 0.20078125
2 0.62265625 0.42890625 0.08359375 0.16328125
2 0.7109375 0.44921875 0.0671875 0.17265625
2 0.8046875 0.47578125 0.09140625 0.1875
2 0.90234375 0.40078125 0.1171875 0.1953125