1 0.8765625 0.35546875 0.11875 0.14609375
1 0.66640625 0.3234375 0.10546875 0.10703125
1 0.365625 0.02890625 0.0609375 0.0578125
1 0.11328125 0.0625 0.08671875 0.0609375
1 0.24375 0.30859375 0.07265625 0.10234375
1 0.1640625 0.478125 0.1015625 0.1421875
2 0.378125 0.1484375 0.1109375 0.18125
2 0.1546875 0.18515625 0.0828125 0.18671875
2 0.6578125 0.14375 0.1015625 0.1734375
2 0.8734375 0.11484375 0.0953125 0.17734375
2 0.7515625 0.1109375 0.0640625 0.10625
2 0.91875 0.61484375 0.1625 0.3109375
2 0.74140625 0.49765625 0.16796875 0.23671875
2 0.246875 0.48125 0.15390625 0.2234375
2 0.53515625 0.1875 0.06796875 0.1109375
1 0.5234375 0.1203125 0.05078125 0.0625
1 0.6515625 0.028125 0.04453125 0.0546875
1 0.7515625 0.02734375 0.0390625 0.05234375
1 0.696875 0.028125 0.05390625 0.05546875