1 0.2328125 0.28984375 0.07421875 0.08203125
1 0.2765625 0.38515625 0.0703125 0.09296875
1 0.4 0.3421875 0.0578125 0.08671875
1 0.53203125 0.24453125 0.05859375 0.06796875
1 0.68984375 0.49921875 0.08671875 0.08828125
1 0.8703125 0.43125 0.09296875 0.0859375
1 0.82421875 0.525 0.103125 0.09375
1 0.75078125 0.66328125 0.11328125 0.1296875
1 0.65625 0.5875 0.08046875 0.1
1 0.5296875 0.515625 0.10234375 0.0984375
1 0.38125 0.63671875 0.09296875 0.09921875
1 0.34140625 0.53125 0.06640625 0.109375
1 0.2953125 0.67265625 0.10390625 0.125
2 0.09765625 0.40703125 0.16015625 0.23984375
2 0.2140625 0.47890625 0.121875 0.1625
2 0.1796875 0.87265625 0.1859375 0.25390625
2 0.359375 0.87734375 0.14765625 0.24453125
2 0.54375 0.7953125 0.2265625 0.346875
2 0.83984375 0.91015625 0.22265625 0.17890625
2 0.9 0.70859375 0.2 0.1921875
2 0.37421875 0.44453125 0.14765625 0.09453125