2 0.890625 0.5171875 0.178125 0.21796875
2 0.7453125 0.5390625 0.12421875 0.221875
2 0.63359375 0.4734375 0.1 0.19921875
2 0.5265625 0.43828125 0.1234375 0.18203125
2 0.4234375 0.453125 0.1046875 0.1796875
2 0.3078125 0.5140625 0.1 0.18828125
2 0.19296875 0.48046875 0.09921875 0.21796875
2 0.0796875 0.52578125 0.11328125 0.2109375
2 0.35234375 0.265625 0.07890625 0.08203125
2 0.578125 0.26171875 0.09609375 0.04921875
2 0.81328125 0.29453125 0.1421875 0.065625
1 0.67578125 0.19375 0.075 0.0796875
1 0.79375 0.1828125 0.0625 0.0515625
1 0.57890625 0.16328125 0.05234375 0.05625
1 0.46328125 0.18046875 0.0609375 0.05859375
1 0.36328125 0.1625 0.0734375 0.07421875
1 0.25546875 0.203125 0.06953125 0.07265625
1 0.08203125 0.32734375 0.08125 0.08671875
1 0.2234375 0.30703125 0.0625 0.0671875
1 0.30859375 0.3203125 0.0609375 0.06484375
1 0.42578125 0.30546875 0.07578125 0.0890625
1 0.51015625 0.2828125 0.06484375 0.075
1 0.615625 0.30390625 0.06484375 0.06796875
1 0.74140625 0.34453125 0.071875 0.084375
1 0.83515625 0.3265625 0.0796875 0.0734375