2 0.0875 0.44375 0.10546875 0.20703125
2 0.2125 0.51484375 0.1125 0.23203125
2 0.93359375 0.4921875 0.09921875 0.22734375
2 0.759375 0.45546875 0.11328125 0.12734375
2 0.4046875 0.3671875 0.07890625 0.1109375
2 0.75234375 0.84296875 0.1125 0.29453125
2 0.634375 0.86875 0.140625 0.225
1 0.4421875 0.57890625 0.06015625 0.06015625
1 0.31328125 0.59375 0.065625 0.06796875
1 0.2140625 0.31484375 0.078125 0.0828125
1 0.08046875 0.284375 0.065625 0.05234375
1 0.39921875 0.2609375 0.0453125 0.05078125
1 0.5078125 0.2890625 0.04453125 0.0453125
1 0.740625 0.30390625 0.075 0.065625
1 0.915625 0.28828125 0.06328125 0.06484375
1 0.6359375 0.440625 0.04140625 0.05625
1 0.50703125 0.43203125 0.04296875 0.0484375
1 0.40390625 0.459375 0.02890625 0.05
1 0.6375 0.684375 0.09765625 0.096875
1 0.75859375 0.6609375 0.103125 0.11640625