1 0.8140625 0.234375 0.06015625 0.059375
1 0.61640625 0.2671875 0.0515625 0.0671875
1 0.5203125 0.22265625 0.0578125 0.06171875
1 0.46328125 0.26328125 0.06328125 0.06953125
1 0.34609375 0.26328125 0.065625 0.0640625
1 0.27734375 0.24453125 0.05703125 0.06953125
1 0.02890625 0.28671875 0.0578125 0.08203125
1 0.95 0.3078125 0.0625 0.0578125
2 0.81875 0.4109375 0.13203125 0.2359375
2 0.9546875 0.42421875 0.071875 0.14375
2 0.62421875 0.44140625 0.13203125 0.19921875
2 0.53359375 0.33671875 0.09453125 0.08671875
2 0.44921875 0.4375 0.096875 0.16328125
2 0.36328125 0.3953125 0.08203125 0.11484375
2 0.2703125 0.440625 0.12890625 0.24453125
2 0.03671875 0.44140625 0.07265625 0.18046875