1 0.80078125 0.509375 0.084375 0.1046875
1 0.70546875 0.26171875 0.090625 0.11796875
1 0.5296875 0.25703125 0.08515625 0.0875
1 0.4609375 0.26640625 0.0734375 0.08125
1 0.31796875 0.30625 0.078125 0.078125
1 0.38203125 0.50703125 0.0921875 0.0890625
1 0.25390625 0.22734375 0.08203125 0.09453125
1 0.1671875 0.17578125 0.090625 0.084375
2 0.1328125 0.44140625 0.1328125 0.27890625
2 0.234375 0.4734375 0.1 0.2921875
2 0.4015625 0.68984375 0.1296875 0.2078125
2 0.4640625 0.4875 0.1484375 0.28515625
2 0.5671875 0.4734375 0.10859375 0.28515625
2 0.7 0.49140625 0.146875 0.2796875
2 0.82421875 0.71875 0.13984375 0.2890625