2 0.84296875 0.71953125 0.2515625 0.47421875
2 0.56328125 0.82421875 0.24140625 0.3015625
2 0.2734375 0.72109375 0.20390625 0.38203125
2 0.11953125 0.6078125 0.18046875 0.25078125
2 0.66484375 0.57734375 0.1640625 0.20546875
2 0.45390625 0.553125 0.11796875 0.3546875
1 0.465625 0.2375 0.12265625 0.1390625
1 0.7875 0.30859375 0.13203125 0.15625
1 0.64765625 0.3703125 0.10234375 0.109375
1 0.52890625 0.5125 0.109375 0.13671875
1 0.375 0.4328125 0.1296875 0.15078125
1 0.178125 0.3734375 0.134375 0.14921875