3 0.7125 0.4421875 0.1375 0.25625
3 0.53359375 0.41171875 0.1265625 0.2609375
1 0.9828125 0.3203125 0.03203125 0.08359375
1 0.9125 0.340625 0.05078125 0.06328125
1 0.8984375 0.2859375 0.04921875 0.06171875
1 0.8140625 0.3234375 0.04453125 0.05
1 0.73671875 0.26484375 0.0578125 0.0953125
1 0.57265625 0.23125 0.0578125 0.09375
1 0.64921875 0.28515625 0.0296875 0.0453125
1 0.503125 0.275 0.03203125 0.04140625
1 0.440625 0.2625 0.04296875 0.05078125
1 0.36796875 0.265625 0.0359375 0.05703125
1 0.415625 0.26328125 0.034375 0.0421875
1 0.3796875 0.2234375 0.05078125 0.03984375
1 0.2546875 0.2578125 0.03203125 0.06015625
1 0.2296875 0.3015625 0.07421875 0.07109375
1 0.1859375 0.2765625 0.053125 0.06328125
2 0.953125 0.54453125 0.09140625 0.2984375
2 0.8921875 0.5203125 0.11640625 0.21953125
2 0.796875 0.47421875 0.09609375 0.2046875
2 0.425 0.4 0.06015625 0.19296875
2 0.3609375 0.4078125 0.11015625 0.21171875
2 0.21796875 0.5171875 0.1359375 0.28671875
2 0.490625 0.371875 0.04765625 0.125
2 0.271875 0.340625 0.046875 0.09453125
2 0.15625 0.3953125 0.09296875 0.18046875
2 0.06640625 0.41171875 0.0703125 0.2859375
1 0.07578125 0.225 0.0578125 0.08671875