3 0.2984375 0.40859375 0.140625 0.2453125
1 0.325 0.2390625 0.07265625 0.10546875
1 0.1421875 0.3265625 0.05546875 0.10078125
1 0.05546875 0.2921875 0.0703125 0.09453125
1 0.78203125 0.46484375 0.0671875 0.0828125
1 0.52421875 0.2265625 0.0703125 0.09296875
1 0.57578125 0.184375 0.0921875 0.11484375
2 0.80546875 0.584375 0.0953125 0.17265625
2 0.5109375 0.365625 0.10390625 0.18984375
2 0.5984375 0.39375 0.12265625 0.25703125
2 0.1296875 0.4671875 0.07421875 0.20546875
2 0.03125 0.43828125 0.0625 0.1890625