3 0.67734375 0.4421875 0.1390625 0.253125
3 0.50078125 0.409375 0.1296875 0.25625
1 0.965625 0.325 0.05 0.078125
1 0.878125 0.34921875 0.03515625 0.0734375
1 0.8625 0.2921875 0.05625 0.0625
1 0.778125 0.32578125 0.053125 0.0515625
1 0.709375 0.26875 0.05703125 0.08984375
1 0.5421875 0.23046875 0.05859375 0.0703125
1 0.615625 0.2859375 0.028125 0.040625
1 0.475 0.275 0.03359375 0.04140625
1 0.4109375 0.26171875 0.03125 0.0546875
1 0.35625 0.22109375 0.040625 0.0484375
1 0.34140625 0.26875 0.0453125 0.0625
1 0.234375 0.24609375 0.03515625 0.0609375
1 0.1609375 0.271875 0.04375 0.06796875
1 0.05234375 0.2109375 0.0515625 0.07890625
1 0.19453125 0.315625 0.0546875 0.10390625
1 0.3890625 0.2578125 0.04453125 0.0375
2 0.93203125 0.5421875 0.1359375 0.30078125
2 0.853125 0.54375 0.103125 0.25
2 0.759375 0.46875 0.09765625 0.21953125
2 0.6015625 0.4 0.07109375 0.19609375
2 0.559375 0.3671875 0.065625 0.14921875
2 0.4578125 0.38359375 0.05859375 0.1578125
2 0.4015625 0.39375 0.075 0.19140625
2 0.328125 0.40703125 0.09296875 0.2109375
2 0.1921875 0.5 0.12109375 0.25546875
2 0.140625 0.3734375 0.12109375 0.175
2 0.0453125 0.3921875 0.06328125 0.25546875
2 0.24921875 0.33203125 0.0484375 0.0890625