3 0.7140625 0.79296875 0.153125 0.2984375
3 0.53828125 0.84921875 0.1296875 0.2953125
3 0.45390625 0.81484375 0.0953125 0.2421875
3 0.33125 0.72109375 0.0875 0.1921875
3 0.215625 0.85859375 0.1375 0.2421875
3 0.13984375 0.7703125 0.0890625 0.225
0 0.16796875 0.5828125 0.0953125 0.07578125
0 0.34296875 0.56875 0.0453125 0.07109375
0 0.45703125 0.6359375 0.0546875 0.06953125
0 0.2109375 0.66328125 0.12578125 0.0859375
0 0.4859375 0.5640625 0.01328125 0.00546875
0 0.534375 0.61953125 0.08359375 0.0984375
0 0.6796875 0.55703125 0.08828125 0.0734375