3 0.75078125 0.86875 0.1671875 0.2625
3 0.57421875 0.890625 0.1390625 0.21875
3 0.48984375 0.8828125 0.1078125 0.234375
3 0.37578125 0.7859375 0.0984375 0.196875
3 0.25078125 0.8890625 0.1453125 0.2
3 0.18203125 0.81875 0.1015625 0.228125
0 0.2203125 0.63046875 0.08203125 0.0765625
0 0.7328125 0.6546875 0.09453125 0.08203125
0 0.58203125 0.7015625 0.0703125 0.09921875
0 0.50859375 0.70703125 0.0765625 0.0640625
0 0.403125 0.6359375 0.05859375 0.05546875
0 0.271875 0.71640625 0.10859375 0.0921875