3 0.42421875 0.271875 0.0953125 0.246875
3 0.55625 0.30390625 0.109375 0.2515625
1 0.74609375 0.06015625 0.0703125 0.0796875
1 0.5546875 0.115625 0.06328125 0.09140625
1 0.42265625 0.06953125 0.0703125 0.0984375
1 0.2546875 0.278125 0.03203125 0.05078125
1 0.1953125 0.2984375 0.03203125 0.05
1 0.128125 0.3828125 0.02890625 0.03515625
2 0.7796875 0.2609375 0.134375 0.284375
2 0.2703125 0.40234375 0.07890625 0.1515625
2 0.1953125 0.4109375 0.06328125 0.1375
2 0.128125 0.47421875 0.04765625 0.1046875