3 0.6828125 0.42265625 0.1125 0.2359375
3 0.509375 0.42734375 0.1 0.2421875
1 0.5125 0.2390625 0.06640625 0.06171875
1 0.675 0.25546875 0.05625 0.0859375
1 0.93203125 0.25390625 0.0515625 0.0671875
1 0.85625 0.29375 0.05546875 0.07109375
1 0.828125 0.2453125 0.05703125 0.06484375
1 0.7609375 0.29375 0.040625 0.04765625
1 0.203125 0.39375 0.05703125 0.084375
1 0.39375 0.30546875 0.03515625 0.0546875
1 0.46171875 0.309375 0.0296875 0.04375
1 0.1546875 0.365625 0.04296875 0.05703125
1 0.3296875 0.32734375 0.04296875 0.0515625
1 0.22421875 0.33046875 0.0359375 0.0453125
1 0.33125 0.28359375 0.03125 0.0421875
1 0.375 0.3078125 0.02265625 0.040625
1 0.58984375 0.2890625 0.0359375 0.04453125
2 0.94375 0.4796875 0.1125 0.28359375
2 0.8625 0.484375 0.10625 0.228125
2 0.765625 0.434375 0.09765625 0.18125
2 0.221875 0.578125 0.11484375 0.240625
2 0.40625 0.4328125 0.06484375 0.16328125
2 0.2546875 0.41015625 0.07578125 0.0859375
2 0.3328125 0.4546875 0.08828125 0.18671875
2 0.15703125 0.47265625 0.0921875 0.1671875
2 0.58671875 0.3828125 0.0609375 0.14453125