0 0.746875 0.35625 0.09296875 0.08359375
0 0.590625 0.33671875 0.07578125 0.0765625
0 0.446875 0.340625 0.06640625 0.06875
0 0.3421875 0.4078125 0.11328125 0.12109375
0 0.259375 0.3171875 0.06484375 0.065625
0 0.06328125 0.34296875 0.0546875 0.0609375
0 0.0203125 0.340625 0.040625 0.0625
2 0.7578125 0.58125 0.10078125 0.325
2 0.5875 0.51171875 0.11484375 0.2359375
2 0.43828125 0.509375 0.1015625 0.20078125
2 0.3453125 0.60390625 0.13203125 0.2890625
2 0.26640625 0.475 0.1078125 0.196875
2 0.06796875 0.465625 0.0859375 0.16484375
2 0.01875 0.48671875 0.0375 0.1796875