1 0.765625 0.25625 0.11328125 0.15859375
1 0.4453125 0.3484375 0.13203125 0.13203125
0 0.2546875 0.32109375 0.084375 0.1109375
0 0.1703125 0.39609375 0.07890625 0.0921875
0 0.584375 0.3171875 0.109375 0.11484375
0 0.1078125 0.4359375 0.08828125 0.075
0 0.0484375 0.4515625 0.04765625 0.05390625
0 0.9640625 0.403125 0.06171875 0.06171875
2 0.79375 0.6921875 0.15703125 0.55390625
2 0.62109375 0.67890625 0.1390625 0.4453125
2 0.43984375 0.590625 0.1390625 0.30390625
2 0.2875 0.5703125 0.10234375 0.325
2 0.184375 0.5546875 0.1125 0.184375
2 0.1234375 0.58046875 0.06171875 0.1203125
2 0.05390625 0.5484375 0.0546875 0.11484375
2 0.96171875 0.565625 0.0765625 0.2125