0 0.8796875 0.21953125 0.059375 0.0609375
0 0.6703125 0.2015625 0.06484375 0.07578125
0 0.53515625 0.20703125 0.0609375 0.0640625
0 0.4625 0.21875 0.04921875 0.05859375
0 0.33203125 0.2 0.0640625 0.06875
0 0.16171875 0.246875 0.0828125 0.08515625
0 0.57734375 0.246875 0.0421875 0.059375
2 0.8671875 0.40234375 0.090625 0.1953125
2 0.671875 0.3921875 0.10234375 0.23671875
2 0.5390625 0.3921875 0.11328125 0.21640625
2 0.46015625 0.34375 0.0734375 0.15703125
2 0.3390625 0.396875 0.12421875 0.22421875
2 0.1609375 0.43125 0.11953125 0.22890625