0 0.3125 0.3921875 0.02578125 0.03984375
0 0.80625 0.3703125 0.02109375 0.03125
0 0.78671875 0.3765625 0.0234375 0.03125
0 0.7390625 0.359375 0.02890625 0.03984375
0 0.715625 0.37109375 0.02421875 0.0328125
0 0.6546875 0.365625 0.0375 0.046875
0 0.63125 0.3765625 0.021875 0.03359375
0 0.6046875 0.3609375 0.0375 0.04453125
0 0.56328125 0.3625 0.0359375 0.04921875
0 0.53359375 0.396875 0.0234375 0.03203125
0 0.4921875 0.3859375 0.02734375 0.02890625
2 0.809375 0.4484375 0.03203125 0.09921875
2 0.78984375 0.4578125 0.0328125 0.109375
2 0.74296875 0.4734375 0.0421875 0.14296875
2 0.678125 0.46875 0.04453125 0.153125
2 0.6125 0.496875 0.04140625 0.171875
2 0.5625 0.4703125 0.0375 0.12421875
2 0.534375 0.48359375 0.04140625 0.1046875
2 0.4984375 0.45625 0.03359375 0.09296875
2 0.3125 0.46796875 0.03203125 0.1015625