0 0.0625 0.621875 0.028125 0.04296875
0 0.2375 0.4515625 0.03125 0.034375
0 0.096875 0.625 0.03828125 0.05
0 0.65546875 0.69609375 0.0453125 0.0609375
0 0.7046875 0.653125 0.028125 0.03515625
0 0.73828125 0.7203125 0.0421875 0.059375
0 0.75 0.46484375 0.01875 0.0359375
0 0.6578125 0.3921875 0.01640625 0.02109375
0 0.6265625 0.4578125 0.021875 0.03046875
0 0.584375 0.490625 0.02890625 0.03203125
0 0.7515625 0.2796875 0.01796875 0.02109375
2 0.6484375 0.8296875 0.08203125 0.19140625
2 0.7578125 0.8359375 0.06796875 0.16015625
2 0.23203125 0.525 0.0578125 0.11484375
2 0.1703125 0.6359375 0.040625 0.09140625
2 0.0875 0.7265625 0.04921875 0.14296875
2 0.046875 0.69375 0.03203125 0.09453125
2 0.7765625 0.4828125 0.03984375 0.05546875
2 0.62265625 0.49453125 0.0359375 0.0359375
2 0.5734375 0.5546875 0.04140625 0.08984375
2 0.6625 0.42578125 0.02421875 0.0453125
2 0.69609375 0.3578125 0.0203125 0.02890625