0 0.92578125 0.4375 0.0578125 0.06015625
0 0.5796875 0.5171875 0.10078125 0.128125
0 0.37109375 0.44140625 0.0859375 0.0953125
0 0.18125 0.4875 0.05234375 0.0625
0 0.19609375 0.5828125 0.0703125 0.08984375
0 0.728125 0.4828125 0.04296875 0.046875
1 0.83984375 0.48125 0.0359375 0.05
1 0.8203125 0.53125 0.04140625 0.059375
1 0.7140625 0.54453125 0.040625 0.0609375
1 0.703125 0.4875 0.02421875 0.05546875
1 0.64453125 0.54296875 0.0390625 0.0640625
1 0.453125 0.4953125 0.02421875 0.04296875
1 0.4015625 0.4890625 0.03125 0.03984375
1 0.21796875 0.49375 0.0234375 0.05234375
0 0.484375 0.50859375 0.040625 0.0609375
2 0.5625 0.7984375 0.13671875 0.38046875
2 0.92578125 0.5984375 0.0640625 0.15625
2 0.365625 0.690625 0.13046875 0.29921875
2 0.19375 0.68125 0.11171875 0.175
2 0.2296875 0.57578125 0.05390625 0.1359375
2 0.315625 0.53125 0.04375 0.125
2 0.48984375 0.6578125 0.0546875 0.16484375
2 0.7421875 0.571875 0.04453125 0.11484375
2 0.7203125 0.665625 0.05390625 0.16953125
2 0.825 0.62421875 0.071875 0.1328125