0 0.9578125 0.35703125 0.04453125 0.0421875
0 0.76171875 0.3375 0.0421875 0.04609375
0 0.6859375 0.36796875 0.0375 0.0546875
0 0.5625 0.3421875 0.04375 0.04375
0 0.49375 0.3625 0.02578125 0.02578125
0 0.44375 0.35390625 0.025 0.0265625
0 0.4 0.359375 0.02734375 0.03203125
0 0.33515625 0.365625 0.0296875 0.03125
0 0.275 0.34140625 0.04765625 0.0453125
0 0.209375 0.36875 0.02890625 0.03203125
0 0.140625 0.3796875 0.04296875 0.05078125
0 0.11875 0.37109375 0.03125 0.0453125
0 0.096875 0.3765625 0.025 0.021875
2 0.41875 0.4671875 0.07578125 0.13828125
2 0.56640625 0.45 0.0703125 0.1375
2 0.671875 0.45625 0.0625 0.13359375
2 0.7765625 0.4296875 0.06328125 0.134375
2 0.95625 0.4625 0.06328125 0.146875
2 0.490625 0.415625 0.03046875 0.078125
2 0.33984375 0.4296875 0.0453125 0.0875
2 0.2734375 0.465625 0.07109375 0.15390625
2 0.2046875 0.440625 0.04296875 0.08828125
2 0.1296875 0.47109375 0.04921875 0.1140625