0 0.9484375 0.403125 0.01484375 0.02109375
0 0.928125 0.4234375 0.02109375 0.021875
0 0.48671875 0.390625 0.0203125 0.02421875
0 0.61953125 0.359375 0.0203125 0.02421875
0 0.671875 0.23359375 0.01484375 0.0234375
0 0.1640625 0.665625 0.02421875 0.025
0 0.12734375 0.6578125 0.0203125 0.034375
2 0.175 0.71875 0.025 0.07421875
2 0.12265625 0.68125 0.0296875 0.05625
3 0.48125 0.4390625 0.025 0.06953125
3 0.61015625 0.403125 0.0265625 0.0625
2 0.93203125 0.47265625 0.0328125 0.0609375
3 0.94453125 0.4421875 0.0234375 0.0625
2 0.659375 0.25703125 0.02734375 0.0484375