0 0.83984375 0.2546875 0.0859375 0.09296875
0 0.6578125 0.3578125 0.040625 0.05625
0 0.590625 0.3375 0.03203125 0.0375
0 0.54296875 0.31484375 0.0421875 0.0578125
0 0.46875 0.3078125 0.04453125 0.04921875
0 0.4 0.28515625 0.04453125 0.0609375
0 0.31953125 0.29375 0.0578125 0.06328125
2 0.31796875 0.4359375 0.0640625 0.17421875
2 0.403125 0.434375 0.06640625 0.18125
2 0.46875 0.428125 0.06640625 0.15
2 0.53125 0.4296875 0.06484375 0.12890625
2 0.58125 0.44921875 0.046875 0.1234375
2 0.65 0.45 0.06171875 0.11171875
2 0.8359375 0.4484375 0.09296875 0.24296875