0 0.01796875 0.278125 0.0359375 0.08125
0 0.02890625 0.225 0.0421875 0.07265625
0 0.2640625 0.32109375 0.02734375 0.0515625
0 0.215625 0.2921875 0.03046875 0.05625
1 0.16484375 0.3234375 0.0296875 0.05
0 0.11328125 0.30078125 0.0390625 0.0734375
0 0.084375 0.2859375 0.02734375 0.0875
0 0.06171875 0.2921875 0.0484375 0.07109375
0 0.646875 0.3671875 0.02578125 0.05234375
0 0.7890625 0.3640625 0.03671875 0.07578125
2 0.64375 0.4859375 0.03671875 0.14921875
2 0.79921875 0.56640625 0.0609375 0.2390625
2 0.2625 0.453125 0.046875 0.17421875
2 0.215625 0.4390625 0.04375 0.171875
2 0.1609375 0.4703125 0.05078125 0.209375
2 0.1140625 0.4765625 0.05546875 0.22109375
2 0.0609375 0.4703125 0.05078125 0.23203125
2 0.02578125 0.4890625 0.0515625 0.25625