1 0.9078125 0.3140625 0.08984375 0.10546875
1 0.76015625 0.32421875 0.0609375 0.0640625
1 0.7 0.3359375 0.059375 0.07890625
1 0.5125 0.328125 0.05234375 0.08359375
0 0.5609375 0.33125 0.07578125 0.09140625
0 0.4484375 0.3375 0.06875 0.09921875
0 0.6515625 0.328125 0.04921875 0.059375
2 0.9140625 0.5265625 0.115625 0.26796875
2 0.775 0.4921875 0.09609375 0.221875
2 0.7171875 0.5515625 0.09140625 0.28515625
2 0.5671875 0.52578125 0.12265625 0.2609375
2 0.43671875 0.5046875 0.1015625 0.22734375
2 0.6515625 0.48515625 0.071875 0.1859375