1 0.84375 0.340625 0.15234375 0.175
1 0.1109375 0.125 0.14375 0.15859375
1 0.62421875 0.5765625 0.1046875 0.12109375
1 0.54453125 0.440625 0.0921875 0.11171875
1 0.60078125 0.0453125 0.1203125 0.090625
1 0.4609375 0.0296875 0.09765625 0.059375
1 0.03515625 0.153125 0.0703125 0.184375
0 0.3625 0.6453125 0.15078125 0.17890625
0 0.5453125 0.79296875 0.12890625 0.1515625
2 0.875 0.72578125 0.25 0.5484375
2 0.7125 0.10859375 0.196875 0.2171875
2 0.878125 0.11875 0.165625 0.2375
2 0.3 0.809375 0.259375 0.36328125
2 0.0546875 0.68125 0.090625 0.58359375
2 0.1359375 0.425 0.271875 0.353125
2 0.47421875 0.615625 0.1953125 0.37421875
2 0.5390625 0.1265625 0.16484375 0.253125
1 0.640625 0.36171875 0.09609375 0.1078125
2 0.71796875 0.459375 0.1953125 0.26796875
2 0.6953125 0.6578125 0.13671875 0.23671875