0 0.84140625 0.090625 0.1109375 0.171875
0 0.9375 0.15859375 0.05078125 0.0703125
0 0.740625 0.1453125 0.075 0.11171875
0 0.69375 0.21875 0.046875 0.06796875
0 0.7828125 0.14921875 0.03671875 0.0640625
0 0.565625 0.11328125 0.07109375 0.1171875
0 0.45625 0.165625 0.04765625 0.06875
0 0.4125 0.121875 0.06328125 0.109375
0 0.2203125 0.0984375 0.08515625 0.10546875
0 0.16953125 0.1765625 0.1015625 0.11640625
2 0.159375 0.540625 0.15234375 0.465625
2 0.2359375 0.41484375 0.09609375 0.3765625
2 0.41796875 0.43125 0.1234375 0.38828125
2 0.565625 0.4171875 0.12265625 0.40234375
2 0.7390625 0.490625 0.11953125 0.41796875
2 0.8375 0.5421875 0.128125 0.59765625
2 0.934375 0.3703125 0.07578125 0.284375
2 0.784375 0.290625 0.05390625 0.128125
2 0.68125 0.40546875 0.05 0.2484375