0 0.11640625 0.190625 0.1140625 0.10859375
0 0.2859375 0.28125 0.14140625 0.15625
0 0.6140625 0.09375 0.11328125 0.13125
0 0.86328125 0.371875 0.1078125 0.10859375
0 0.746875 0.2375 0.08828125 0.10390625
0 0.3984375 0.3421875 0.07890625 0.078125
0 0.1890625 0.2734375 0.09765625 0.17578125
2 0.6796875 0.334375 0.1625 0.32265625
3 0.28046875 0.625 0.2078125 0.45703125
3 0.4234375 0.5359375 0.10546875 0.25625
3 0.88515625 0.59375 0.1203125 0.29609375
2 0.09375 0.4765625 0.14375 0.39453125
0 0.584375 0.46953125 0.04609375 0.0765625
0 0.625 0.4140625 0.053125 0.059375