0 0.7953125 0.4171875 0.0625 0.084375
0 0.65625 0.4484375 0.0625 0.08671875
0 0.4015625 0.58828125 0.02734375 0.0359375
0 0.321875 0.5625 0.02265625 0.04296875
0 0.2609375 0.571875 0.0375 0.03359375
0 0.13671875 0.53828125 0.0546875 0.0515625
0 0.09296875 0.5765625 0.0390625 0.06015625
2 0.66875 0.58671875 0.10390625 0.2140625
2 0.83046875 0.55625 0.0828125 0.19296875
2 0.403125 0.64609375 0.03515625 0.0765625
2 0.328125 0.6328125 0.046875 0.08046875
2 0.2546875 0.62890625 0.03828125 0.0921875
2 0.1546875 0.6671875 0.04921875 0.14765625
2 0.071875 0.64375 0.05078125 0.09609375