0 0.778125 0.575 0.046875 0.046875
0 0.740625 0.59140625 0.03671875 0.0453125
0 0.684375 0.590625 0.04140625 0.05078125
0 0.64765625 0.5953125 0.0421875 0.046875
0 0.58203125 0.584375 0.0421875 0.046875
0 0.553125 0.5625 0.03828125 0.04609375
0 0.4796875 0.56171875 0.04140625 0.0453125
0 0.446875 0.565625 0.03984375 0.05078125
0 0.3796875 0.559375 0.04375 0.05078125
0 0.35 0.575 0.03359375 0.04375
0 0.275 0.5671875 0.04296875 0.04765625
2 0.78125 0.70625 0.06015625 0.16484375
2 0.73984375 0.70390625 0.0609375 0.1421875
2 0.68125 0.71875 0.06328125 0.16328125
2 0.63984375 0.70703125 0.0453125 0.1421875
2 0.58125 0.709375 0.059375 0.15703125
2 0.5375 0.678125 0.06171875 0.14765625
2 0.471875 0.696875 0.06328125 0.17421875
2 0.3765625 0.684375 0.05859375 0.159375
2 0.2625 0.70078125 0.06328125 0.1765625
2 0.3328125 0.690625 0.0375 0.13515625