0 0.1734375 0.3375 0.0625 0.06484375
0 0.8640625 0.37265625 0.06484375 0.0578125
0 0.771875 0.38203125 0.0625 0.0765625
0 0.2609375 0.39921875 0.05 0.0578125
0 0.6015625 0.4 0.05234375 0.053125
0 0.4484375 0.409375 0.05 0.0625
0 0.690625 0.41171875 0.059375 0.0484375
0 0.35703125 0.4171875 0.0453125 0.05546875
0 0.53515625 0.43828125 0.0453125 0.0484375
3 0.17109375 0.51171875 0.1046875 0.2359375
3 0.8828125 0.5203125 0.11328125 0.22109375
3 0.784375 0.5453125 0.10390625 0.21640625
3 0.2640625 0.55 0.1 0.24296875
3 0.70625 0.56796875 0.09453125 0.2359375
3 0.615625 0.571875 0.10546875 0.259375
3 0.359375 0.575 0.096875 0.22109375
3 0.45625 0.5953125 0.10078125 0.27890625
3 0.5453125 0.596875 0.084375 0.22109375