0 0.265625 0.27421875 0.10859375 0.1203125
0 0.8390625 0.44765625 0.14296875 0.1640625
0 0.66171875 0.403125 0.1109375 0.10390625
0 0.55703125 0.39375 0.1140625 0.13515625
0 0.15625 0.284375 0.128125 0.115625
0 0.39921875 0.35390625 0.1109375 0.1296875
0 0.74296875 0.5078125 0.1234375 0.12578125
2 0.2015625 0.54375 0.20859375 0.375
3 0.49375 0.63203125 0.20390625 0.3484375
3 0.5921875 0.6671875 0.19453125 0.33359375
3 0.31875 0.596875 0.228125 0.36328125
2 0.09375 0.5625 0.1875 0.36953125
3 0.7671875 0.775 0.23828125 0.44453125