0 0.54296875 0.8265625 0.0609375 0.08125
0 0.39140625 0.80625 0.0609375 0.08828125
0 0.3421875 0.7921875 0.06328125 0.08828125
3 0.453125 0.61875 0.1125 0.28203125
3 0.6875 0.6390625 0.12890625 0.340625
3 0.8 0.6359375 0.13828125 0.33828125
3 0.89921875 0.625 0.1671875 0.334375
3 0.33828125 0.55546875 0.1171875 0.2921875
3 0.5453125 0.575 0.14140625 0.33828125
0 0.5859375 0.9015625 0.05390625 0.08125
0 0.81015625 0.89140625 0.0671875 0.1078125
0 0.753125 0.8796875 0.05078125 0.07109375
0 0.49453125 0.8515625 0.0515625 0.08828125
0 0.628125 0.86796875 0.05859375 0.0765625
0 0.6828125 0.8703125 0.06328125 0.07890625
0 0.45625 0.834375 0.06171875 0.09609375
0 0.8890625 0.871875 0.07109375 0.09375