0 0.7390625 0.42265625 0.07578125 0.0796875
0 0.5296875 0.440625 0.04140625 0.05234375
0 0.484375 0.45 0.05546875 0.05234375
0 0.61484375 0.46640625 0.0359375 0.0421875
0 0.6609375 0.4828125 0.05546875 0.05234375
0 0.24375 0.4453125 0.06796875 0.06015625
0 0.3875 0.46875 0.05390625 0.06953125
3 0.596875 0.540625 0.06796875 0.10859375
3 0.521875 0.546875 0.06953125 0.1375
3 0.734375 0.5859375 0.16640625 0.246875
3 0.48046875 0.5703125 0.0984375 0.18359375
3 0.63984375 0.5921875 0.0921875 0.15
3 0.37578125 0.5796875 0.0921875 0.159375
3 0.2296875 0.56875 0.12265625 0.19453125