0 0.75078125 0.896875 0.0921875 0.090625
0 0.75625 0.8328125 0.09453125 0.07578125
0 0.85859375 0.365625 0.1046875 0.09765625
0 0.8296875 0.2328125 0.0875 0.08828125
3 0.515625 0.88359375 0.309375 0.1640625
3 0.53125 0.75703125 0.33125 0.1671875
3 0.603125 0.3203125 0.35078125 0.22265625
3 0.6265625 0.159375 0.33203125 0.21953125
0 0.33125 0.5359375 0.16953125 0.115625
0 0.29609375 0.6078125 0.1453125 0.09140625
3 0.2609375 0.7046875 0.18984375 0.18359375
3 0.2984375 0.41640625 0.20625 0.1765625