0 0.87890625 0.64921875 0.0703125 0.0734375
0 0.1875 0.590625 0.07265625 0.06640625
0 0.2796875 0.5828125 0.07421875 0.08515625
0 0.79609375 0.5859375 0.0578125 0.065625
0 0.453125 0.57421875 0.06015625 0.0609375
0 0.60625 0.56640625 0.05859375 0.0703125
0 0.36484375 0.5578125 0.0671875 0.05625
0 0.7 0.5609375 0.053125 0.06015625
0 0.521875 0.5359375 0.05234375 0.053125
3 0.8890625 0.475 0.13515625 0.24921875
3 0.171875 0.44375 0.14609375 0.2375
3 0.2734375 0.42109375 0.13359375 0.2296875
3 0.7984375 0.434375 0.13359375 0.25625
3 0.35625 0.40078125 0.12578125 0.2484375
3 0.4453125 0.3984375 0.13984375 0.27265625
3 0.70546875 0.40625 0.1265625 0.234375
3 0.60859375 0.37890625 0.1390625 0.2921875
3 0.5171875 0.378125 0.11484375 0.23125