0 0.2515625 0.57421875 0.046875 0.0515625
0 0.3921875 0.56953125 0.04375 0.0515625
0 0.603125 0.55703125 0.046875 0.0515625
0 0.6734375 0.559375 0.05625 0.05703125
0 0.32109375 0.58203125 0.0515625 0.0515625
1 0.465625 0.5828125 0.05078125 0.04921875
0 0.54140625 0.60625 0.0515625 0.06171875
2 0.253125 0.69453125 0.08515625 0.1703125
2 0.4671875 0.6890625 0.08515625 0.12734375
2 0.39765625 0.69453125 0.0890625 0.1515625
2 0.325 0.6984375 0.09296875 0.13671875
2 0.609375 0.68359375 0.084375 0.1609375
2 0.67421875 0.6828125 0.0921875 0.16328125
2 0.5453125 0.7203125 0.090625 0.146875