0 0.37578125 0.8546875 0.0984375 0.09296875
0 0.3828125 0.94453125 0.11171875 0.0609375
0 0.38046875 0.671875 0.0640625 0.06484375
0 0.3828125 0.51484375 0.05390625 0.0515625
0 0.3671875 0.315625 0.06328125 0.05234375
0 0.39140625 0.45625 0.0515625 0.04453125
0 0.3984375 0.26875 0.08046875 0.05625
0 0.44296875 0.775 0.0859375 0.07578125
0 0.41015625 0.39375 0.0609375 0.05
0 0.4171875 0.1265625 0.08359375 0.07578125
2 0.51875 0.30546875 0.171875 0.0671875
2 0.54296875 0.4921875 0.1921875 0.109375
2 0.5375 0.4296875 0.175 0.09140625
2 0.5625 0.64140625 0.20703125 0.1296875
2 0.5515625 0.359375 0.18203125 0.096875
2 0.57578125 0.25703125 0.2421875 0.1109375
2 0.625 0.8265625 0.33984375 0.15546875
2 0.621875 0.7421875 0.25234375 0.10390625
2 0.615625 0.0921875 0.26953125 0.14140625
2 0.7 0.8921875 0.46171875 0.14296875