0 0.2453125 0.56015625 0.07734375 0.0765625
0 0.45390625 0.55703125 0.0421875 0.0515625
0 0.5046875 0.546875 0.05390625 0.04921875
0 0.3765625 0.52421875 0.03671875 0.0421875
0 0.33125 0.503125 0.05390625 0.04921875
0 0.74375 0.5640625 0.06875 0.059375
0 0.6015625 0.5296875 0.053125 0.06875
3 0.4 0.4515625 0.06953125 0.10546875
3 0.475 0.4484375 0.06953125 0.13671875
3 0.26875 0.39765625 0.165625 0.2421875
3 0.521875 0.42578125 0.09921875 0.1828125
3 0.36640625 0.3953125 0.0921875 0.14921875
3 0.6234375 0.4234375 0.09296875 0.15859375
3 0.77109375 0.4421875 0.1234375 0.190625