0 0.2765625 0.10546875 0.05859375 0.0765625
0 0.30078125 0.89375 0.0828125 0.08515625
0 0.31328125 0.6671875 0.0453125 0.05625
0 0.3328125 0.58515625 0.03125 0.0546875
0 0.33984375 0.303125 0.0453125 0.05625
0 0.3375 0.7828125 0.053125 0.06171875
0 0.34375 0.428125 0.04765625 0.046875
2 0.4375 0.1125 0.18671875 0.1125
2 0.4375 0.5953125 0.128125 0.09375
2 0.4375 0.6953125 0.16171875 0.08671875
2 0.44765625 0.303125 0.1171875 0.109375
2 0.44609375 0.4359375 0.1234375 0.08828125
2 0.46875 0.90625 0.20390625 0.11875
2 0.478125 0.78125 0.17734375 0.11640625