0 0.64375 0.7125 0.06640625 0.0625
0 0.75 0.725 0.071875 0.084375
0 0.478125 0.665625 0.06484375 0.07421875
0 0.609375 0.6578125 0.06953125 0.075
0 0.3671875 0.6140625 0.06484375 0.071875
0 0.2953125 0.5859375 0.071875 0.075
0 0.20859375 0.571875 0.0671875 0.075
0 0.71875 0.6515625 0.071875 0.07265625
0 0.5109375 0.6140625 0.06953125 0.07734375
0 0.821875 0.6578125 0.07421875 0.075
0 0.41328125 0.5875 0.0671875 0.071875
3 0.6203125 0.4875 0.10859375 0.2
3 0.29765625 0.415625 0.1140625 0.20546875
3 0.72890625 0.4828125 0.1109375 0.19765625
3 0.42109375 0.43046875 0.1015625 0.1828125
2 0.190625 0.39453125 0.13671875 0.2359375
2 0.515625 0.4390625 0.11953125 0.225
3 0.82734375 0.475 0.1046875 0.21640625