0 0.59375 0.3625 0.06015625 0.06015625
0 0.52265625 0.375 0.0609375 0.06328125
0 0.45703125 0.3671875 0.0453125 0.04921875
0 0.3640625 0.359375 0.04296875 0.05546875
0 0.178125 0.37109375 0.05625 0.0546875
0 0.26875 0.3796875 0.04765625 0.059375
3 0.621875 0.53203125 0.10078125 0.2078125
3 0.5265625 0.5359375 0.11015625 0.19609375
3 0.45859375 0.5109375 0.0890625 0.15546875
3 0.3609375 0.509375 0.09375 0.18671875
3 0.26328125 0.5359375 0.0953125 0.18359375
3 0.18203125 0.525 0.0953125 0.17109375