0 0.384375 0.6984375 0.153125 0.16640625
0 0.73515625 0.63828125 0.0890625 0.1171875
2 0.09375 0.49140625 0.17890625 0.4765625
2 0.5828125 0.421875 0.246875 0.50390625
2 0.88671875 0.371875 0.2234375 0.415625
2 0.721875 0.3859375 0.1625 0.28671875
2 0.3421875 0.4078125 0.16015625 0.27890625
2 0.2296875 0.4171875 0.16328125 0.31484375
0 0.10625 0.86015625 0.121875 0.1703125
0 0.58515625 0.77265625 0.1609375 0.2140625
0 0.9140625 0.7078125 0.140625 0.146875
0 0.2875 0.76328125 0.11796875 0.1078125