0 0.390625 0.209375 0.07421875 0.0875
0 0.54140625 0.184375 0.0765625 0.09453125
0 0.59140625 0.18515625 0.0765625 0.0921875
3 0.5125 0.3875 0.15859375 0.2875
3 0.2796875 0.43828125 0.184375 0.3453125
3 0.1703125 0.475 0.19375 0.34296875
3 0.09296875 0.515625 0.1859375 0.34375
3 0.6328125 0.4125 0.16640625 0.29765625
3 0.428125 0.4578125 0.196875 0.34296875
0 0.3328125 0.15 0.06640625 0.08515625
0 0.11953125 0.2296875 0.0828125 0.11171875
0 0.17578125 0.2203125 0.0609375 0.075
0 0.43359375 0.17109375 0.0671875 0.0921875
0 0.3 0.19765625 0.07109375 0.0828125
0 0.24375 0.21015625 0.07578125 0.0828125
0 0.475 0.17578125 0.075 0.1015625
0 0.04296875 0.2703125 0.0859375 0.1