0 0.5640625 0.4109375 0.078125 0.075
0 0.5953125 0.2625 0.11328125 0.09453125
0 0.56328125 0.340625 0.0578125 0.05078125
0 0.53046875 0.4578125 0.0546875 0.03359375
0 0.475 0.6640625 0.05546875 0.04375
0 0.4890625 0.5625 0.065625 0.053125
0 0.44375 0.7125 0.07578125 0.06796875
3 0.421875 0.6546875 0.10859375 0.053125
3 0.4671875 0.32734375 0.14375 0.0828125
3 0.378125 0.54765625 0.178125 0.1046875
3 0.3328125 0.68671875 0.19296875 0.1046875
3 0.3796875 0.384375 0.2875 0.16953125
3 0.41171875 0.2171875 0.2921875 0.16953125