0 0.6265625 0.7203125 0.11875 0.06484375
0 0.6140625 0.84453125 0.09375 0.0546875
0 0.5921875 0.48125 0.07421875 0.03984375
0 0.5875 0.4203125 0.06640625 0.03515625
0 0.5953125 0.671875 0.05703125 0.03984375
0 0.56875 0.375 0.07890625 0.04296875
0 0.56328125 0.55625 0.0765625 0.04765625
0 0.5484375 0.6140625 0.07109375 0.03515625
3 0.46875 0.678125 0.234375 0.06796875
3 0.4515625 0.43671875 0.18828125 0.0640625
3 0.45703125 0.4984375 0.2296875 0.07734375
3 0.44453125 0.875 0.2546875 0.09921875
3 0.4296875 0.5640625 0.21484375 0.075
3 0.4203125 0.3859375 0.234375 0.07734375
3 0.41953125 0.6203125 0.2078125 0.06953125
3 0.41875 0.74375 0.29375 0.103125