0 0.2046875 0.3265625 0.08671875 0.084375
0 0.6171875 0.40703125 0.04609375 0.0484375
0 0.5234375 0.40234375 0.04765625 0.0390625
0 0.76953125 0.43046875 0.0734375 0.0671875
0 0.8703125 0.44375 0.07265625 0.059375
0 0.26875 0.3875 0.06328125 0.059375
0 0.35 0.40390625 0.05703125 0.0703125
0 0.67890625 0.4359375 0.0453125 0.04140625
0 0.44140625 0.4171875 0.0453125 0.04140625
2 0.60390625 0.509375 0.1171875 0.15859375
2 0.5125 0.5203125 0.10078125 0.17421875
2 0.6796875 0.5375 0.09921875 0.140625
2 0.76875 0.55 0.1125 0.16796875
2 0.165625 0.496875 0.14921875 0.25625
2 0.425 0.52265625 0.09921875 0.1453125
2 0.3328125 0.525 0.103125 0.16484375
2 0.2546875 0.53046875 0.125 0.2140625
2 0.86328125 0.59375 0.1546875 0.22578125