0 0.303125 0.62109375 0.090625 0.0765625
0 0.371875 0.28046875 0.078125 0.0609375
0 0.365625 0.328125 0.09765625 0.07421875
0 0.3875 0.184375 0.08828125 0.06875
0 0.3609375 0.509375 0.08828125 0.07109375
0 0.34765625 0.675 0.0734375 0.06328125
0 0.37265625 0.803125 0.0859375 0.07109375
3 0.4796875 0.65625 0.2 0.13515625
3 0.534375 0.36328125 0.196875 0.1203125
3 0.5578125 0.221875 0.209375 0.140625
3 0.5328125 0.54609375 0.209375 0.1265625
3 0.54765625 0.4609375 0.2015625 0.10390625
3 0.528125 0.765625 0.20703125 0.12109375
3 0.521875 0.84609375 0.20625 0.1046875