0 0.59765625 0.2296875 0.0359375 0.05078125
3 0.596875 0.3515625 0.06640625 0.134375
0 0.73359375 0.378125 0.0484375 0.06640625
2 0.7234375 0.5234375 0.07109375 0.18125
2 0.80390625 0.5328125 0.0453125 0.16328125
0 0.42265625 0.54453125 0.0609375 0.0734375
0 0.240625 0.6203125 0.06953125 0.09765625
0 0.49609375 0.628125 0.0671875 0.0875
0 0.65390625 0.63125 0.0578125 0.09375
0 0.83984375 0.659375 0.0640625 0.0875
2 0.409375 0.71875 0.0625 0.25859375
0 0.8171875 0.76015625 0.07109375 0.1046875
2 0.646875 0.7703125 0.10078125 0.19140625
2 0.2328125 0.790625 0.09375 0.240625
2 0.4953125 0.8046875 0.1 0.21640625
0 0.12578125 0.8765625 0.0828125 0.109375
2 0.8203125 0.91328125 0.10234375 0.1671875
0 0.36171875 0.94140625 0.0828125 0.1140625
0 0.803125 0.4 0.059375 0.07265625