0 0.26484375 0.0796875 0.0609375 0.078125
0 0.3953125 0.8546875 0.08515625 0.08671875
0 0.37734375 0.628125 0.0484375 0.05859375
0 0.38359375 0.54296875 0.0359375 0.0578125
0 0.35390625 0.2625 0.0484375 0.05859375
0 0.41640625 0.7375 0.0578125 0.06328125
0 0.3734375 0.38515625 0.05 0.0484375
2 0.42265625 0.0578125 0.1921875 0.115625
2 0.4890625 0.5296875 0.13125 0.096875
2 0.503125 0.63046875 0.16484375 0.0921875
2 0.4578125 0.240625 0.12265625 0.11328125
2 0.47421875 0.37265625 0.1265625 0.0921875
2 0.5671875 0.834375 0.209375 0.128125
2 0.55390625 0.709375 0.1828125 0.12421875