0 0.46640625 0.7453125 0.0671875 0.08046875
0 0.51875 0.75078125 0.09453125 0.1109375
0 0.19375 0.65 0.06484375 0.078125
0 0.1296875 0.628125 0.075 0.090625
0 0.2828125 0.6375 0.06953125 0.08828125
0 0.384375 0.65 0.08203125 0.09609375
0 0.05859375 0.571875 0.0921875 0.10859375
3 0.315625 0.503125 0.1125 0.14609375
3 0.4234375 0.5171875 0.11484375 0.1625
3 0.18203125 0.46875 0.1234375 0.19453125
3 0.58515625 0.5328125 0.1734375 0.271875
3 0.10859375 0.38203125 0.1390625 0.2484375
0 0.234375 0.40234375 0.084375 0.0984375
0 0.3484375 0.415625 0.08671875 0.10078125
0 0.4421875 0.4078125 0.08984375 0.11328125
0 0.5046875 0.4015625 0.109375 0.13359375