0 0.2984375 0.6625 0.06171875 0.03984375
0 0.28984375 0.41640625 0.0546875 0.0484375
0 0.31796875 0.50625 0.0546875 0.034375
3 0.3328125 0.5296875 0.07734375 0.06171875
2 0.3640625 0.60859375 0.15 0.0734375
0 0.42265625 0.6921875 0.0765625 0.04765625
0 0.38828125 0.3484375 0.0796875 0.05703125
0 0.425 0.43359375 0.084375 0.0578125
1 0.51171875 0.8234375 0.0546875 0.04375
2 0.5390625 0.6984375 0.18671875 0.10234375
0 0.59375 0.940625 0.084375 0.0625
2 0.5484375 0.44296875 0.19296875 0.0828125
2 0.6015625 0.79921875 0.140625 0.0828125
1 0.66953125 0.92578125 0.0546875 0.0484375
0 0.64609375 0.2640625 0.0546875 0.04609375
0 0.6421875 0.21796875 0.07890625 0.0453125
2 0.7484375 0.9125 0.14140625 0.096875
2 0.7 0.1484375 0.12421875 0.09375
0 0.7578125 0.540625 0.08671875 0.05546875
2 0.74765625 0.28984375 0.1484375 0.0921875
2 0.77890625 0.5953125 0.1140625 0.08359375
0 0.259375 0.621875 0.05546875 0.05390625