0 0.7515625 0.203125 0.06171875 0.05546875
0 0.58828125 0.8046875 0.0890625 0.09921875
0 0.7453125 0.1421875 0.09140625 0.08671875
2 0.540625 0.69375 0.15859375 0.10234375
2 0.58046875 0.496875 0.1546875 0.11875
2 0.59609375 0.4171875 0.1203125 0.10859375
2 0.54140625 0.60546875 0.1546875 0.1234375
2 0.60546875 0.2875 0.1765625 0.14765625
2 0.40625 0.89140625 0.20703125 0.1859375
2 0.4328125 0.734375 0.21484375 0.203125
2 0.5953125 0.1140625 0.20546875 0.140625
0 0.70859375 0.45625 0.0546875 0.0625
0 0.7375 0.33359375 0.07421875 0.0859375
0 0.678125 0.52578125 0.071875 0.0734375
0 0.56875 0.93671875 0.10390625 0.1171875
0 0.64140625 0.640625 0.0765625 0.07890625