0 0.41015625 0.7 0.0796875 0.11171875
0 0.22890625 0.68125 0.0765625 0.10703125
0 0.10859375 0.6515625 0.0765625 0.1
1 0.559375 0.678125 0.06328125 0.07265625
1 0.65703125 0.653125 0.0640625 0.09453125
1 0.7859375 0.61328125 0.07890625 0.0953125
1 0.48125 0.51875 0.05390625 0.084375
3 0.40546875 0.4265625 0.1265625 0.346875
3 0.246875 0.40625 0.13359375 0.296875
2 0.5734375 0.4265625 0.11171875 0.29609375
3 0.115625 0.3578125 0.14140625 0.35546875
2 0.67890625 0.39296875 0.1296875 0.3140625
2 0.8 0.3609375 0.14375 0.30234375
2 0.4890625 0.2640625 0.11484375 0.26015625