0 0.4078125 0.3234375 0.05546875 0.04921875
0 0.4171875 0.4609375 0.05546875 0.046875
0 0.434375 0.671875 0.05546875 0.04921875
0 0.43515625 0.74375 0.0609375 0.059375
0 0.403125 0.3890625 0.05546875 0.05390625
1 0.4046875 0.53515625 0.05078125 0.0515625
0 0.3859375 0.61171875 0.06484375 0.0546875
2 0.2875 0.33125 0.175 0.09375
2 0.3015625 0.54375 0.13203125 0.09296875
2 0.2921875 0.471875 0.15625 0.096875
2 0.2859375 0.40234375 0.14375 0.0984375
2 0.309375 0.68515625 0.165625 0.0953125
2 0.3125 0.75 0.16796875 0.1
2 0.27109375 0.625 0.1515625 0.09921875