0 0.6359375 0.2609375 0.11171875 0.10234375
0 0.62265625 0.85625 0.1546875 0.13203125
0 0.61796875 0.6734375 0.0953125 0.10546875
0 0.59765625 0.5703125 0.1265625 0.10390625
0 0.5953125 0.1546875 0.103125 0.12109375
0 0.5953125 0.4078125 0.12109375 0.103125
0 0.5390625 0.78046875 0.11484375 0.1171875
2 0.3546875 0.2609375 0.36796875 0.178125
3 0.35078125 0.565625 0.3390625 0.17578125
3 0.34453125 0.6703125 0.3265625 0.16796875
3 0.3375 0.38515625 0.35234375 0.1984375
2 0.3109375 0.1578125 0.36171875 0.16328125
3 0.2875 0.85703125 0.440625 0.1984375