1 0.09296875 0.671875 0.1078125 0.13984375
0 0.2203125 0.62734375 0.06640625 0.0703125
1 0.525 0.590625 0.06015625 0.12265625
1 0.321875 0.59921875 0.04453125 0.0765625
1 0.8734375 0.54140625 0.08828125 0.0859375
1 0.409375 0.56015625 0.059375 0.0890625
3 0.31875 0.484375 0.09375 0.16328125
3 0.209375 0.4890625 0.05625 0.18984375
3 0.5234375 0.41640625 0.11015625 0.2546875
3 0.09140625 0.4296875 0.1671875 0.35859375
3 0.40546875 0.3484375 0.1140625 0.32265625
3 0.85625 0.3109375 0.19765625 0.33125