0 0.3296875 0.8296875 0.109375 0.13203125
0 0.4234375 0.7921875 0.11171875 0.13203125
0 0.8296875 0.79296875 0.07734375 0.0890625
0 0.75234375 0.76875 0.0796875 0.09140625
0 0.559375 0.74453125 0.075 0.0984375
0 0.640625 0.753125 0.07734375 0.09609375
0 0.16484375 0.6734375 0.0828125 0.11328125
3 0.43671875 0.6 0.0984375 0.23828125
3 0.3390625 0.5796875 0.16171875 0.28359375
3 0.83984375 0.62109375 0.0921875 0.2046875
3 0.75546875 0.6046875 0.0921875 0.18984375
3 0.56796875 0.578125 0.1015625 0.18515625
3 0.1625 0.5140625 0.12890625 0.21640625
3 0.6546875 0.5671875 0.07734375 0.1875