0 0.6859375 0.6375 0.059375 0.05859375
0 0.5828125 0.66171875 0.06484375 0.0640625
0 0.5109375 0.4890625 0.05703125 0.05859375
0 0.58125 0.7484375 0.059375 0.05859375
0 0.5328125 0.59140625 0.059375 0.0609375
0 0.47109375 0.39296875 0.0671875 0.0640625
0 0.59296875 0.81796875 0.0546875 0.0484375
0 0.3875 0.1640625 0.07890625 0.06953125
0 0.39375 0.309375 0.05 0.05546875
0 0.3546875 0.24375 0.07890625 0.06953125
3 0.4109375 0.5984375 0.21875 0.15390625
3 0.434375 0.6859375 0.23359375 0.15546875
3 0.459375 0.76875 0.21640625 0.146875
3 0.25625 0.1796875 0.209375 0.15625
3 0.353125 0.5125 0.22109375 0.15
3 0.453125 0.85703125 0.228125 0.1453125
3 0.3125 0.42890625 0.22578125 0.1546875
3 0.2625 0.3375 0.20625 0.13203125
3 0.228125 0.2625 0.20625 0.134375
0 0.89375 0.5109375 0.071875 0.06640625
0 0.853125 0.4296875 0.05703125 0.05390625
3 0.7765625 0.5328125 0.19453125 0.140625
3 0.7359375 0.453125 0.18515625 0.14765625