0 0.65703125 0.609375 0.0734375 0.065625
0 0.759375 0.5828125 0.08125 0.08671875
0 0.4890625 0.6359375 0.07421875 0.07734375
0 0.6109375 0.5734375 0.07890625 0.07734375
0 0.371875 0.6265625 0.07421875 0.075
0 0.2953125 0.63203125 0.08125 0.0796875
0 0.21171875 0.6515625 0.0765625 0.07734375
0 0.709375 0.525 0.07890625 0.07734375
0 0.5046875 0.56953125 0.07890625 0.0796875
0 0.80625 0.48984375 0.08359375 0.0796875
0 0.40703125 0.5828125 0.0765625 0.075
3 0.571875 0.4078125 0.134375 0.2
3 0.25234375 0.46640625 0.1390625 0.2078125
3 0.671875 0.359375 0.13671875 0.2
3 0.3703125 0.4328125 0.12421875 0.18359375
2 0.14765625 0.490625 0.1640625 0.23671875
2 0.4625 0.40234375 0.14921875 0.2265625
3 0.76171875 0.31328125 0.1328125 0.2171875