0 0.38125 0.546875 0.04140625 0.03984375
0 0.325 0.559375 0.04140625 0.03984375
0 0.6203125 0.5140625 0.04609375 0.03984375
0 0.7015625 0.4984375 0.04609375 0.03984375
0 0.46171875 0.54765625 0.0390625 0.0421875
0 0.50625 0.5546875 0.02890625 0.03203125
0 0.54296875 0.5515625 0.0609375 0.04296875
3 0.334375 0.64296875 0.06953125 0.1203125
3 0.63125 0.5953125 0.08203125 0.12578125
3 0.390625 0.6359375 0.07734375 0.128125
3 0.73671875 0.584375 0.0984375 0.11875
3 0.475 0.6359375 0.078125 0.1375
3 0.5140625 0.6375 0.05 0.11484375
3 0.56015625 0.6515625 0.0859375 0.13984375