0 0.6109375 0.69140625 0.0375 0.0609375
0 0.365625 0.684375 0.046875 0.05703125
0 0.45390625 0.6609375 0.0328125 0.053125
3 0.475 0.65078125 0.05703125 0.0796875
2 0.559375 0.621875 0.065625 0.15234375
0 0.646875 0.565625 0.04296875 0.078125
0 0.303125 0.584375 0.05234375 0.08125
0 0.3875 0.55078125 0.05234375 0.0859375
1 0.77890625 0.4828125 0.0421875 0.05625
2 0.6546875 0.45 0.09296875 0.18828125
0 0.8984375 0.40625 0.05703125 0.08671875
2 0.4046875 0.428125 0.07421875 0.19609375
2 0.759375 0.390625 0.075 0.14609375
1 0.8890625 0.328125 0.046875 0.05703125
0 0.23125 0.31875 0.04453125 0.05703125
0 0.1859375 0.321875 0.040625 0.08046875
2 0.88125 0.24765625 0.08984375 0.1421875
2 0.11953125 0.2609375 0.0890625 0.125
0 0.5140625 0.21875 0.05 0.08828125
2 0.2609375 0.21796875 0.08515625 0.1515625
2 0.5671875 0.2015625 0.08203125 0.11484375
0 0.56640625 0.728125 0.0515625 0.05703125