0 0.6078125 0.89375 0.10859375 0.09375
0 0.4921875 0.653125 0.08203125 0.06640625
0 0.459375 0.459375 0.0625 0.0625
0 0.42890625 0.31875 0.0484375 0.040625
0 0.4125 0.2640625 0.04921875 0.04765625
0 0.390625 0.19453125 0.034375 0.0421875
0 0.3859375 0.0921875 0.040625 0.028125
2 0.34609375 0.92734375 0.3578125 0.1421875
2 0.31875 0.3484375 0.15 0.07890625
2 0.315625 0.10703125 0.10234375 0.0546875
2 0.30625 0.49375 0.18984375 0.09765625
2 0.3015625 0.2796875 0.146875 0.06875
2 0.2921875 0.2109375 0.121875 0.05625
2 0.284375 0.6828125 0.25234375 0.12421875