0 0.4359375 0.365625 0.08359375 0.09609375
0 0.178125 0.41796875 0.090625 0.0984375
0 0.69375 0.3453125 0.06484375 0.06484375
0 0.5515625 0.403125 0.078125 0.08203125
0 0.3359375 0.4703125 0.07578125 0.08203125
0 0.84765625 0.39453125 0.0703125 0.0671875
3 0.465625 0.5796875 0.17578125 0.30078125
3 0.2375 0.6296875 0.15703125 0.259375
3 0.746875 0.5703125 0.18046875 0.30078125
3 0.603125 0.60703125 0.14375 0.2859375
3 0.3765625 0.67109375 0.1625 0.2640625
3 0.8953125 0.6296875 0.16640625 0.30546875