0 0.93125 0.37265625 0.07421875 0.0703125
0 0.55 0.29609375 0.06640625 0.0578125
0 0.7734375 0.340625 0.078125 0.06015625
0 0.6859375 0.3265625 0.07109375 0.065625
0 0.240625 0.2390625 0.06953125 0.06796875
0 0.3953125 0.2875 0.053125 0.04609375
0 0.1328125 0.2390625 0.06875 0.06015625
0 0.8375 0.3890625 0.06875 0.05546875
0 0.4765625 0.31484375 0.05390625 0.0578125
0 0.31875 0.2875 0.06953125 0.07265625
0 0.6125 0.35625 0.06328125 0.053125
0 0.7046875 0.3984375 0.07109375 0.065625
0 0.6203125 0.3796875 0.053125 0.04375