0 0.6984375 0.2859375 0.115625 0.10546875
0 0.58359375 0.86484375 0.1578125 0.1390625
0 0.6109375 0.6875 0.096875 0.10859375
0 0.609375 0.5859375 0.13046875 0.10859375
0 0.678125 0.17578125 0.10703125 0.1265625
0 0.6328125 0.42265625 0.12578125 0.1078125
0 0.5125 0.7734375 0.11640625 0.11953125
2 0.42421875 0.234375 0.3703125 0.19453125
3 0.365625 0.5328125 0.34140625 0.190625
3 0.3390625 0.63046875 0.32890625 0.1796875
3 0.3828125 0.353125 0.35390625 0.21484375
2 0.3953125 0.12578125 0.3625 0.1796875
3 0.2453125 0.815625 0.44296875 0.21796875