0 0.13046875 0.6734375 0.1015625 0.14296875
1 0.640625 0.7265625 0.08359375 0.12265625
0 0.3734375 0.6984375 0.0625 0.0875
0 0.43984375 0.70078125 0.0796875 0.0984375
0 0.2140625 0.6734375 0.09609375 0.12578125
0 0.5546875 0.684375 0.07265625 0.10078125
3 0.3234375 0.53125 0.11953125 0.20390625
3 0.4859375 0.5390625 0.13359375 0.240625
3 0.24921875 0.4921875 0.1140625 0.23515625
3 0.4125 0.5 0.13203125 0.253125
3 0.59609375 0.5171875 0.1515625 0.25859375
3 0.17421875 0.4171875 0.1859375 0.34921875
3 0.084375 0.39453125 0.16796875 0.3984375
0 0.4765625 0.4265625 0.090625 0.115625
0 0.565625 0.42890625 0.07578125 0.1078125
0 0.36484375 0.4 0.0859375 0.115625
0 0.3 0.3546875 0.09140625 0.13046875
0 0.71875 0.3296875 0.10078125 0.17421875
0 0.54375 0.803125 0.07109375 0.10546875
0 0.428125 0.78125 0.065625 0.09765625
0 0.590625 0.7796875 0.06484375 0.08828125
0 0.7171875 0.7796875 0.11328125 0.13671875
0 0.4953125 0.74765625 0.06796875 0.0953125
0 0.296875 0.71953125 0.09296875 0.1109375
0 0.03046875 0.67265625 0.0609375 0.1703125