0 0.87265625 0.20703125 0.0515625 0.0640625
0 0.35078125 0.2140625 0.0453125 0.0625
0 0.7015625 0.228125 0.05625 0.05625
0 0.44375 0.2375 0.05546875 0.05625
0 0.20625 0.2375 0.046875 0.07109375
0 0.5140625 0.2453125 0.046875 0.071875
0 0.034375 0.2671875 0.04921875 0.07109375
0 0.6 0.2734375 0.04921875 0.07109375
0 0.28046875 0.29375 0.0515625 0.07109375
0 0.1171875 0.321875 0.046875 0.071875
3 0.7859375 0.4296875 0.08046875 0.32109375
3 0.35625 0.4578125 0.0875 0.271875
3 0.5203125 0.4609375 0.078125 0.27265625
3 0.21328125 0.4703125 0.0890625 0.2875
3 0.70390625 0.4765625 0.0796875 0.275
3 0.446875 0.48125 0.08046875 0.34765625
3 0.609375 0.4875 0.0875 0.25234375
3 0.8671875 0.49375 0.046875 0.31875
3 0.9515625 0.4953125 0.09609375 0.37265625
3 0.2828125 0.49921875 0.06484375 0.2484375
3 0.0375 0.5109375 0.06875 0.31015625
3 0.1265625 0.53359375 0.08515625 0.2640625
0 0.775 0.1421875 0.06015625 0.078125
0 0.8296875 0.190625 0.05078125 0.06640625
0 0.9421875 0.1921875 0.084375 0.09765625