0 0.7265625 0.34609375 0.06015625 0.0390625
0 0.7375 0.59140625 0.05546875 0.0484375
0 0.709375 0.5046875 0.053125 0.03359375
3 0.6953125 0.484375 0.07734375 0.06015625
2 0.6609375 0.403125 0.14921875 0.07265625
0 0.6015625 0.328125 0.07734375 0.04609375
0 0.63828125 0.6703125 0.0796875 0.05546875
0 0.603125 0.5890625 0.084375 0.05546875
1 0.5140625 0.2078125 0.05546875 0.04375
2 0.48671875 0.3375 0.1859375 0.10234375
0 0.4296875 0.09765625 0.084375 0.0609375
2 0.4796875 0.59296875 0.19296875 0.0828125
2 0.42265625 0.24140625 0.1421875 0.0828125
1 0.353125 0.12109375 0.05546875 0.0484375
0 0.384375 0.7828125 0.05546875 0.04609375
0 0.3875 0.8296875 0.07734375 0.04375
2 0.275 0.140625 0.13984375 0.096875
2 0.33046875 0.9046875 0.1234375 0.09453125
0 0.2703125 0.5171875 0.08671875 0.053125
2 0.28125 0.76796875 0.146875 0.0921875
2 0.246875 0.4640625 0.11328125 0.08203125
0 0.765625 0.3796875 0.05546875 0.053125