0 0.43125 0.4421875 0.078125 0.07578125
0 0.284375 0.4125 0.09609375 0.11328125
0 0.3609375 0.44375 0.05078125 0.05546875
0 0.478125 0.471875 0.03359375 0.05234375
0 0.690625 0.52109375 0.04296875 0.0546875
0 0.5875 0.509375 0.053125 0.06484375
0 0.7390625 0.54921875 0.06796875 0.0734375
3 0.6828125 0.5734375 0.053125 0.10859375
3 0.3546875 0.5390625 0.08359375 0.14140625
3 0.5828125 0.621875 0.10625 0.17578125
3 0.72421875 0.66171875 0.1046875 0.1921875
3 0.4203125 0.6234375 0.17109375 0.28203125
3 0.2515625 0.6 0.17421875 0.2875