0 0.25625 0.2203125 0.13828125 0.084375
1 0.33515625 0.73984375 0.1203125 0.0671875
0 0.29609375 0.46796875 0.0828125 0.0515625
0 0.309375 0.5328125 0.09375 0.06640625
0 0.27734375 0.30546875 0.1203125 0.0765625
0 0.35390625 0.6421875 0.0953125 0.06171875
3 0.43828125 0.36640625 0.1984375 0.0921875
3 0.4734375 0.528125 0.23515625 0.1
3 0.4578125 0.28125 0.23125 0.08125
3 0.4921875 0.4421875 0.246875 0.09765625
3 0.51875 0.63125 0.25078125 0.11953125
3 0.5078125 0.184375 0.340625 0.13828125
3 0.5015625 0.0703125 0.384375 0.140625
0 0.57578125 0.48359375 0.1109375 0.0765625
0 0.5953125 0.575 0.103125 0.06171875
0 0.57265625 0.365625 0.1109375 0.071875
0 0.6015625 0.2890625 0.125 0.071875
0 0.7265625 0.69140625 0.16875 0.0796875
0 0.240625 0.66875 0.1 0.059375
0 0.22890625 0.5453125 0.0921875 0.05234375
0 0.27265625 0.7078125 0.0828125 0.05703125
0 0.30390625 0.83125 0.1265625 0.09609375
0 0.278125 0.60390625 0.090625 0.0546875
0 0.2578125 0.39921875 0.10625 0.0765625
0 0.2234375 0.0953125 0.16015625 0.09375