0 0.5234375 0.271875 0.09296875 0.125
0 0.7046875 0.2296875 0.0875 0.12265625
0 0.828125 0.2171875 0.08515625 0.11484375
1 0.38671875 0.3421875 0.0703125 0.08515625
1 0.3 0.4 0.07578125 0.10703125
1 0.1875 0.4828125 0.08984375 0.10859375
1 0.503125 0.4703125 0.06328125 0.09375
3 0.6 0.53046875 0.17265625 0.3671875
3 0.759375 0.496875 0.171875 0.31875
2 0.4390625 0.584375 0.15 0.3125
3 0.8953125 0.496875 0.184375 0.37734375
2 0.3484375 0.6546875 0.16953125 0.33359375
2 0.2375 0.7265625 0.18125 0.32734375
2 0.5640625 0.7109375 0.14765625 0.27890625