0 0.3203125 0.8171875 0.07890625 0.07890625
0 0.3921875 0.3953125 0.04453125 0.040625
0 0.390625 0.48828125 0.03203125 0.0421875
0 0.4140625 0.240625 0.05859375 0.065625
0 0.421875 0.1390625 0.05078125 0.06484375
0 0.3828125 0.7421875 0.05234375 0.05546875
0 0.39375 0.6578125 0.06640625 0.046875
0 0.4203125 0.328125 0.03671875 0.040625
0 0.4078125 0.565625 0.03671875 0.040625
2 0.4984375 0.390625 0.14921875 0.096875
2 0.5109375 0.4765625 0.16484375 0.07890625
2 0.521875 0.309375 0.13359375 0.08203125
2 0.53125 0.221875 0.15859375 0.09296875
2 0.4921875 0.82578125 0.246875 0.1171875
2 0.51171875 0.5640625 0.1390625 0.08203125
2 0.51640625 0.6546875 0.1578125 0.08359375
2 0.5234375 0.73203125 0.20703125 0.0984375
2 0.57421875 0.1203125 0.2140625 0.125