0 0.75 0.878125 0.07734375 0.071875
0 0.6796875 0.49453125 0.06484375 0.0640625
0 0.71875 0.71953125 0.06796875 0.0765625
0 0.6984375 0.6328125 0.06953125 0.071875
0 0.6140625 0.18828125 0.07421875 0.0671875
0 0.62734375 0.34921875 0.0515625 0.0515625
0 0.57421875 0.0859375 0.0671875 0.06640625
0 0.7 0.8015625 0.06015625 0.06875
0 0.634375 0.43828125 0.06171875 0.0546875
0 0.596875 0.28125 0.07890625 0.06953125
0 0.6484375 0.58046875 0.059375 0.0640625
0 0.6421875 0.6859375 0.06953125 0.071875
0 0.6265625 0.59765625 0.04921875 0.0515625