0 0.4640625 0.3078125 0.03359375 0.04453125
0 0.3171875 0.315625 0.0375 0.04453125
0 0.6265625 0.3203125 0.02734375 0.04453125
0 0.5453125 0.321875 0.02421875 0.03125
0 0.74296875 0.34375 0.0421875 0.046875
0 0.384375 0.3515625 0.03515625 0.04296875
1 0.6609375 0.365625 0.0375 0.03828125
0 0.5640625 0.38046875 0.03984375 0.0484375
0 0.28125 0.3859375 0.046875 0.06015625
0 0.45 0.38984375 0.046875 0.0515625
0 0.1734375 0.396875 0.05625 0.05390625
0 0.34453125 0.44375 0.0484375 0.05546875
0 0.2484375 0.47578125 0.05390625 0.0484375
3 0.74609375 0.4875 0.0796875 0.22265625
3 0.84921875 0.5109375 0.0734375 0.23828125
3 0.659375 0.51015625 0.08671875 0.2390625
3 0.565625 0.528125 0.06953125 0.20078125
3 0.459375 0.5328125 0.07109375 0.19375
3 0.35546875 0.62421875 0.0796875 0.2171875
3 0.25 0.64921875 0.09609375 0.2484375
0 0.6703125 0.18125 0.03125 0.03125
0 0.7890625 0.2828125 0.03359375 0.05625
0 0.709375 0.28671875 0.02734375 0.0484375