0 0.3640625 0.075 0.071875 0.071875
0 0.3109375 0.46015625 0.06015625 0.0640625
0 0.3453125 0.234375 0.06015625 0.07578125
0 0.3359375 0.3234375 0.06484375 0.06953125
0 0.27734375 0.76953125 0.0671875 0.0671875
0 0.3140625 0.6125 0.04765625 0.05390625
0 0.284375 0.8796875 0.0625 0.06640625
0 0.3859375 0.16875 0.05546875 0.06875
0 0.3375 0.53125 0.059375 0.05234375
0 0.3203125 0.68984375 0.071875 0.0671875
0 0.36640625 0.39453125 0.0546875 0.0640625
0 0.4046875 0.3015625 0.06484375 0.06953125
0 0.39296875 0.3859375 0.0453125 0.05078125