0 0.38359375 0.85078125 0.0921875 0.1203125
0 0.3640625 0.915625 0.14765625 0.16796875
0 0.525 0.97578125 0.13203125 0.0484375
0 0.25625 0.321875 0.08046875 0.08515625
0 0.5171875 0.328125 0.11328125 0.146875
0 0.3734375 0.34453125 0.08671875 0.0921875
1 0.73828125 0.34453125 0.0953125 0.1546875
1 0.68359375 0.3734375 0.0484375 0.146875
0 0.01796875 0.409375 0.0359375 0.06875
1 0.9515625 0.5578125 0.09375 0.16796875
0 0.0953125 0.690625 0.084375 0.12265625
0 0.1765625 0.7140625 0.11328125 0.12265625
2 0.7890625 0.5578125 0.18046875 0.29765625
2 0.240625 0.53671875 0.125 0.3015625
2 0.95078125 0.7515625 0.0984375 0.25625
2 0.58828125 0.4953125 0.1171875 0.17421875
2 0.68046875 0.48359375 0.1015625 0.1703125
2 0.35078125 0.5796875 0.1296875 0.28984375
2 0.18515625 0.91328125 0.1859375 0.1734375
2 0.08515625 0.8875 0.0984375 0.22421875
2 0.03125 0.6328125 0.0625 0.23046875
3 0.43125 0.56015625 0.15390625 0.3453125