0 0.5578125 0.390625 0.065625 0.06796875
0 0.553125 0.2421875 0.09921875 0.08046875
0 0.5390625 0.325 0.05078125 0.04375
0 0.53828125 0.4421875 0.0484375 0.02734375
0 0.53828125 0.65625 0.0484375 0.03671875
0 0.5265625 0.553125 0.05859375 0.04609375
0 0.521875 0.7078125 0.065625 0.05859375
3 0.48671875 0.65625 0.1015625 0.0375
3 0.44140625 0.33359375 0.1328125 0.0640625
3 0.41484375 0.565625 0.1640625 0.08125
3 0.40625 0.709375 0.18125 0.07890625
3 0.3734375 0.41015625 0.265625 0.1328125
3 0.359375 0.24296875 0.27109375 0.1328125