2 0.46875 0.425 0.125 0.08125
2 0.4796875 0.509375 0.190625 0.10625
2 0.50078125 0.6328125 0.1640625 0.10234375
2 0.496875 0.19375 0.18828125 0.11328125
2 0.5234375 0.34375 0.17578125 0.11015625
2 0.540625 0.75078125 0.18203125 0.0765625
2 0.56015625 0.81640625 0.3015625 0.1359375
2 0.5953125 0.0890625 0.41484375 0.14140625
0 0.3171875 0.51875 0.04765625 0.06484375
1 0.3265625 0.20625 0.06875 0.06328125
0 0.34375 0.8078125 0.06171875 0.06328125
0 0.35 0.4359375 0.046875 0.04296875
1 0.365625 0.63984375 0.05390625 0.0484375
0 0.3671875 0.75859375 0.06171875 0.0484375
0 0.365625 0.35390625 0.05234375 0.0671875