0 0.84296875 0.1953125 0.0828125 0.07421875
0 0.79375 0.3609375 0.090625 0.07890625
0 0.7578125 0.43046875 0.090625 0.0765625
0 0.70078125 0.775 0.0828125 0.08359375
0 0.73046875 0.5390625 0.0953125 0.07890625
0 0.675 0.8625 0.1 0.10078125
0 0.76875 0.26328125 0.1 0.0890625
0 0.65703125 0.6375 0.0828125 0.07890625
3 0.646875 0.15625 0.22578125 0.13046875
3 0.53125 0.73828125 0.196875 0.1296875
3 0.5546875 0.515625 0.20859375 0.11796875
3 0.565625 0.3953125 0.21328125 0.11796875
3 0.4703125 0.84375 0.21640625 0.15859375
3 0.565625 0.2453125 0.2375 0.128125
3 0.4703125 0.61640625 0.21875 0.1203125