0 0.2609375 0.615625 0.065625 0.11640625
0 0.140625 0.58515625 0.05546875 0.0921875
0 0.503125 0.6125 0.04140625 0.07265625
0 0.5640625 0.6203125 0.03671875 0.065625
0 0.315625 0.59140625 0.04140625 0.0578125
0 0.6140625 0.60625 0.04375 0.07734375
0 0.43828125 0.575 0.0484375 0.07734375
0 0.384375 0.55390625 0.03671875 0.0703125
3 0.334375 0.4640625 0.07109375 0.23125
3 0.5765625 0.4859375 0.065625 0.18828125
3 0.5171875 0.47890625 0.08046875 0.2265625
3 0.1453125 0.415625 0.10234375 0.25390625
3 0.4546875 0.44375 0.078125 0.2125
3 0.6328125 0.459375 0.08046875 0.23203125
3 0.40078125 0.42421875 0.0734375 0.2078125
3 0.28125 0.40546875 0.11015625 0.2921875