0 0.125 0.7953125 0.08671875 0.08515625
0 0.1890625 0.6390625 0.09453125 0.09296875
0 0.23125 0.575 0.096875 0.08828125
0 0.315625 0.24375 0.08671875 0.09296875
0 0.265625 0.4703125 0.09921875 0.09140625
0 0.35 0.159375 0.10625 0.11328125
0 0.2046875 0.740625 0.10390625 0.10078125
0 0.346875 0.3828125 0.08671875 0.0875
3 0.31875 0.8640625 0.22890625 0.16015625
3 0.48125 0.30625 0.203125 0.15625
3 0.440625 0.5203125 0.2125 0.146875
3 0.41953125 0.6375 0.2171875 0.14765625
3 0.5484375 0.21171875 0.221875 0.1859375
3 0.40625 0.78828125 0.24140625 0.1609375
3 0.534375 0.4359375 0.221875 0.15