0 0.6828125 0.109375 0.10078125 0.09296875
0 0.6984375 0.0234375 0.109375 0.046875
0 0.6359375 0.2875 0.06640625 0.06640625
0 0.6015625 0.44140625 0.05390625 0.0515625
0 0.57109375 0.64609375 0.0640625 0.0546875
0 0.5796875 0.4984375 0.05390625 0.04453125
0 0.528125 0.68359375 0.08046875 0.0578125
0 0.60390625 0.16875 0.0859375 0.07734375
0 0.54765625 0.56015625 0.0609375 0.0515625
0 0.48125 0.8234375 0.08359375 0.07734375
2 0.4234375 0.621875 0.171875 0.06875
2 0.44296875 0.42890625 0.1921875 0.1109375
2 0.4359375 0.4921875 0.17734375 0.09296875
2 0.45625 0.2765625 0.20703125 0.13359375
2 0.4015625 0.559375 0.18203125 0.10078125
2 0.35859375 0.65546875 0.2453125 0.1140625
2 0.4421875 0.07890625 0.33984375 0.1578125
2 0.425 0.16171875 0.25234375 0.1046875
2 0.2828125 0.8078125 0.26953125 0.14453125
2 0.38359375 0.034375 0.4609375 0.06875