1 0.81484375 0.8390625 0.1609375 0.13359375
0 0.7421875 0.721875 0.08515625 0.07890625
1 0.63984375 0.428125 0.1359375 0.08203125
1 0.69296875 0.628125 0.0859375 0.059375
1 0.515625 0.0953125 0.10390625 0.103125
1 0.63515625 0.55 0.1015625 0.07421875
3 0.5828125 0.65625 0.18203125 0.12421875
3 0.61328125 0.765625 0.2015625 0.09140625
3 0.471875 0.46796875 0.27578125 0.1578125
3 0.58125 0.88515625 0.39296875 0.2109375
3 0.434375 0.60234375 0.34453125 0.1734375
3 0.296875 0.165625 0.37265625 0.25859375