0 0.259375 0.6109375 0.09765625 0.07890625
0 0.3625 0.2765625 0.08203125 0.06328125
0 0.35546875 0.325 0.1046875 0.07734375
0 0.3890625 0.18125 0.09453125 0.07421875
0 0.33125 0.50625 0.09453125 0.07421875
0 0.30234375 0.6703125 0.0796875 0.065625
0 0.31328125 0.8 0.0921875 0.07421875
3 0.434375 0.65625 0.21015625 0.13984375
3 0.51875 0.3640625 0.20703125 0.128125
3 0.55546875 0.22578125 0.2203125 0.1484375
3 0.49765625 0.5484375 0.2171875 0.13359375
3 0.52578125 0.46484375 0.2078125 0.1109375
3 0.475 0.765625 0.21640625 0.12890625
3 0.4578125 0.846875 0.2125 0.11171875