0 0.3015625 0.79921875 0.11328125 0.1421875
0 0.4 0.7578125 0.115625 0.14453125
0 0.8046875 0.753125 0.08125 0.096875
0 0.728125 0.7296875 0.08125 0.09921875
0 0.5390625 0.709375 0.07890625 0.10625
0 0.615625 0.715625 0.07890625 0.10390625
0 0.146875 0.6453125 0.08828125 0.12109375
3 0.42421875 0.565625 0.1078125 0.24765625
3 0.328125 0.546875 0.17109375 0.3
3 0.8265625 0.578125 0.1 0.21328125
3 0.7421875 0.565625 0.09921875 0.196875
3 0.5578125 0.5421875 0.10625 0.19453125
3 0.15703125 0.4859375 0.1359375 0.23046875
3 0.64375 0.52890625 0.08515625 0.1953125