0 0.1 0.30546875 0.04140625 0.0578125
0 0.728125 0.3046875 0.08203125 0.08203125
0 0.0421875 0.328125 0.06796875 0.08359375
2 0.6359375 0.3796875 0.065625 0.153125
2 0.43125 0.39375 0.08515625 0.146875
2 0.3484375 0.396875 0.08203125 0.11328125
2 0.55 0.403125 0.08984375 0.146875
2 0.2203125 0.421875 0.109375 0.16484375
2 0.8625 0.4578125 0.14296875 0.19296875
2 0.7046875 0.4734375 0.159375 0.196875
2 0.053125 0.48359375 0.1 0.1953125
0 0.35625 0.28359375 0.05078125 0.0484375
0 0.23046875 0.28671875 0.0703125 0.0640625
0 0.43515625 0.29375 0.0578125 0.06328125
0 0.8640625 0.29140625 0.096875 0.0921875
0 0.55625 0.2984375 0.0625 0.06875