1 0.23515625 0.1734375 0.1578125 0.14453125
0 0.30546875 0.290625 0.0828125 0.084375
1 0.4046875 0.58671875 0.13046875 0.0921875
1 0.35390625 0.3890625 0.0828125 0.065625
1 0.525 0.925 0.10234375 0.11015625
1 0.4109375 0.4671875 0.09921875 0.08359375
3 0.4609375 0.3625 0.17734375 0.13828125
3 0.434375 0.2515625 0.19609375 0.10859375
3 0.5703125 0.5515625 0.27109375 0.18046875
3 0.46875 0.1359375 0.384375 0.23828125
3 0.61015625 0.421875 0.3359375 0.20390625
3 0.740625 0.8578125 0.36328125 0.27890625