0 0.159375 0.65 0.04921875 0.040625
0 0.8171875 0.73984375 0.10078125 0.1046875
0 0.378125 0.5875 0.03203125 0.04140625
0 0.5359375 0.6015625 0.03671875 0.04375
0 0.4515625 0.5859375 0.04453125 0.04921875
0 0.49921875 0.5953125 0.0421875 0.04921875
0 0.334375 0.56015625 0.03671875 0.0390625
0 0.58828125 0.6 0.0546875 0.06953125
3 0.178125 0.5125 0.09765625 0.17890625
0 0.6765625 0.58984375 0.05703125 0.0671875
0 0.7546875 0.5828125 0.071875 0.09296875
3 0.4734375 0.478125 0.07265625 0.13359375
3 0.5640625 0.4703125 0.06796875 0.14765625
3 0.621875 0.46875 0.08359375 0.17734375
3 0.8671875 0.5015625 0.165625 0.3
3 0.7015625 0.4453125 0.12890625 0.18671875
3 0.7796875 0.45390625 0.10703125 0.1796875