0 0.6421875 0.134375 0.078125 0.08125
0 0.58984375 0.553125 0.0453125 0.04375
0 0.5890625 0.46015625 0.03359375 0.0453125
0 0.57578125 0.709375 0.0609375 0.06796875
0 0.5734375 0.8109375 0.053125 0.06796875
0 0.584375 0.2046875 0.053125 0.05859375
0 0.57734375 0.28828125 0.0671875 0.0515625
0 0.5640625 0.61875 0.03828125 0.04296875
0 0.5671875 0.3796875 0.03828125 0.04296875
2 0.48828125 0.55078125 0.1484375 0.1046875
2 0.47109375 0.46015625 0.1671875 0.0890625
2 0.465625 0.62890625 0.13359375 0.0890625
2 0.45859375 0.7171875 0.1578125 0.1
2 0.47109375 0.11015625 0.2484375 0.1296875
2 0.4625 0.371875 0.13828125 0.08984375
2 0.45390625 0.2796875 0.1578125 0.090625
2 0.4421875 0.203125 0.20625 0.11015625
2 0.4234375 0.8171875 0.21484375 0.1375