0 0.3671875 0.125 0.10703125 0.090625
0 0.4515625 0.37578125 0.08125 0.0640625
0 0.4609375 0.57109375 0.06171875 0.0609375
0 0.47421875 0.71640625 0.0484375 0.0390625
0 0.48359375 0.771875 0.0484375 0.04609375
0 0.4984375 0.8453125 0.03359375 0.04140625
0 0.4890625 0.9484375 0.03984375 0.02734375
2 0.63515625 0.1 0.3515625 0.1625
2 0.5875 0.6984375 0.14921875 0.075
2 0.56171875 0.94140625 0.1015625 0.0546875
2 0.615625 0.55546875 0.18828125 0.0921875
2 0.5921875 0.7703125 0.14609375 0.06484375
2 0.5953125 0.8375 0.12109375 0.05234375
2 0.659375 0.37109375 0.25 0.1171875