2 0.5015625 0.434375 0.12734375 0.09375
2 0.49765625 0.521875 0.1921875 0.125
2 0.496875 0.6453125 0.165625 0.12109375
2 0.56796875 0.2171875 0.1921875 0.13203125
2 0.5671875 0.36953125 0.18046875 0.1265625
2 0.5203125 0.7671875 0.18515625 0.09609375
2 0.528125 0.834375 0.30546875 0.16953125
2 0.678125 0.13359375 0.41796875 0.1953125
0 0.3328125 0.49375 0.05078125 0.06875
1 0.3953125 0.1921875 0.071875 0.07265625
0 0.3140625 0.7828125 0.06484375 0.06953125
0 0.38203125 0.4203125 0.0484375 0.046875
1 0.3640625 0.62421875 0.05546875 0.0546875
0 0.346875 0.7375 0.0625 0.05546875
0 0.4109375 0.3453125 0.05546875 0.07421875