0 0.5296875 0.3734375 0.04453125 0.0625
1 0.228125 0.375 0.03828125 0.05390625
0 0.42734375 0.3921875 0.0453125 0.05625
1 0.69921875 0.403125 0.0453125 0.04921875
1 0.6140625 0.41171875 0.04296875 0.0671875
1 0.346875 0.4203125 0.03984375 0.05390625
1 0.81484375 0.43515625 0.0453125 0.0515625
1 0.6296875 0.49453125 0.02734375 0.0515625
2 0.60078125 0.5578125 0.0609375 0.20703125
2 0.215625 0.56328125 0.08984375 0.2359375
2 0.425 0.56875 0.08984375 0.228125
2 0.709375 0.56953125 0.08671875 0.1921875
2 0.5265625 0.56875 0.11640625 0.24375
2 0.334375 0.58359375 0.08046875 0.2390625
2 0.8109375 0.6171875 0.09765625 0.225
2 0.6328125 0.6375 0.06875 0.18125