3 0.84140625 0.40234375 0.1203125 0.2078125
3 0.5 0.371875 0.19765625 0.35859375
0 0.546875 0.1 0.096875 0.10078125
0 0.9609375 0.2296875 0.06484375 0.078125
0 0.1921875 0.09921875 0.04765625 0.0578125
0 0.859375 0.253125 0.06484375 0.078125
0 0.71484375 0.22890625 0.0546875 0.0578125
0 0.13125 0.1078125 0.02734375 0.0375
0 0.3921875 0.1640625 0.03984375 0.04296875
0 0.28125 0.140625 0.03515625 0.03984375
0 0.34296875 0.1578125 0.0296875 0.03046875
3 0.27578125 0.2015625 0.0609375 0.09921875
3 0.3390625 0.225 0.05625 0.09921875
3 0.39296875 0.25625 0.0765625 0.140625
3 0.940625 0.37734375 0.11328125 0.2234375
2 0.1796875 0.21328125 0.109375 0.1859375
3 0.70546875 0.3453125 0.0921875 0.175