0 0.1703125 0.2921875 0.13359375 0.11015625
0 0.20625 0.3875 0.13359375 0.11484375
0 0.19375 0.79453125 0.08984375 0.0828125
0 0.21953125 0.71640625 0.0921875 0.0828125
0 0.25 0.525 0.09921875 0.07578125
0 0.2390625 0.6046875 0.096875 0.078125
0 0.33203125 0.13203125 0.1140625 0.0859375
3 0.396875 0.40078125 0.24140625 0.1046875
3 0.421875 0.303125 0.28515625 0.16640625
3 0.365625 0.8078125 0.20546875 0.09609375
3 0.384375 0.72109375 0.190625 0.0953125
3 0.41640625 0.53671875 0.1859375 0.1046875
3 0.4890625 0.13203125 0.21796875 0.1328125
3 0.4234375 0.621875 0.18828125 0.08125