0 0.5296875 0.66875 0.034375 0.03359375
0 0.5296875 0.7265625 0.034375 0.03359375
0 0.5421875 0.428125 0.034375 0.03828125
0 0.54375 0.3453125 0.034375 0.03828125
0 0.54609375 0.590625 0.0390625 0.03125
0 0.5625 0.546875 0.02890625 0.02421875
0 0.5625 0.5125 0.034375 0.053125
3 0.6109375 0.73359375 0.11328125 0.0484375
3 0.621875 0.43203125 0.11640625 0.0609375
3 0.61875 0.6796875 0.12109375 0.05625
3 0.63125 0.32578125 0.109375 0.0796875
3 0.6359375 0.5953125 0.13046875 0.05625
3 0.64296875 0.55859375 0.1109375 0.0296875
3 0.6671875 0.5140625 0.13046875 0.06328125