0 0.48125 0.73046875 0.053125 0.0421875
0 0.5046875 0.5953125 0.053125 0.03984375
0 0.5359375 0.38515625 0.053125 0.0421875
0 0.55 0.31484375 0.05625 0.0515625
0 0.5 0.665625 0.05390625 0.046875
1 0.534375 0.5234375 0.04921875 0.046875
0 0.5703125 0.45 0.06328125 0.04921875
2 0.60078125 0.7421875 0.1734375 0.07578125
2 0.6359375 0.53125 0.13046875 0.07734375
2 0.62734375 0.603125 0.1546875 0.08046875
2 0.6203125 0.671875 0.140625 0.08515625
2 0.66171875 0.390625 0.1640625 0.07578125
2 0.66875 0.3265625 0.16640625 0.08046875
2 0.6859375 0.45703125 0.15 0.0828125