0 0.075 0.40390625 0.04921875 0.0609375
0 0.6953125 0.25625 0.090625 0.08984375
0 0.03671875 0.43828125 0.0546875 0.0921875
2 0.61875 0.3515625 0.08515625 0.159375
2 0.4265625 0.409375 0.10234375 0.15546875
2 0.34375 0.434375 0.09609375 0.12109375
2 0.540625 0.390625 0.10703125 0.15546875
2 0.2234375 0.48828125 0.12890625 0.1765625
2 0.8625 0.37109375 0.165625 0.2078125
2 0.71015625 0.425 0.1828125 0.215625
2 0.0734375 0.58359375 0.12265625 0.2046875
0 0.325 0.3203125 0.05625 0.05390625
0 0.2 0.353125 0.078125 0.071875
0 0.4 0.3125 0.06640625 0.07109375
0 0.821875 0.2109375 0.10546875 0.103125
0 0.521875 0.29140625 0.07109375 0.0765625