0 0.421875 0.9078125 0.09765625 0.08984375
0 0.4328125 0.9828125 0.11328125 0.02890625
0 0.4203125 0.7265625 0.06328125 0.06328125
0 0.4203125 0.571875 0.053125 0.05
0 0.4015625 0.36875 0.0625 0.05078125
0 0.43125 0.5140625 0.05234375 0.04296875
0 0.43203125 0.32890625 0.0796875 0.0546875
0 0.48671875 0.8453125 0.0828125 0.07421875
0 0.4453125 0.45546875 0.06015625 0.0484375
0 0.446875 0.190625 0.08046875 0.07421875
2 0.55390625 0.3890625 0.1734375 0.06328125
2 0.58203125 0.5828125 0.1921875 0.103125
2 0.575 0.5203125 0.17421875 0.08671875
2 0.60546875 0.73515625 0.2046875 0.1234375
2 0.58984375 0.45078125 0.1796875 0.0921875
2 0.61015625 0.3546875 0.2421875 0.10234375
2 0.6703125 0.92890625 0.34140625 0.1390625
2 0.66640625 0.85 0.2515625 0.09375
2 0.646875 0.2 0.26796875 0.13359375
2 0.74609375 0.97421875 0.4640625 0.0484375