0 0.3125 0.421875 0.12734375 0.103125
0 0.3796875 0.24921875 0.125 0.0984375
0 0.43828125 0.14140625 0.1171875 0.0953125
1 0.29375 0.5703125 0.0875 0.07890625
1 0.29375 0.671875 0.109375 0.08515625
1 0.296875 0.8078125 0.1125 0.1
1 0.46875 0.5359375 0.09609375 0.07265625
3 0.57734375 0.48828125 0.3703125 0.2109375
3 0.6390625 0.3375 0.321875 0.203125
2 0.5328125 0.646875 0.315625 0.18359375
3 0.7203125 0.22265625 0.38046875 0.2234375
2 0.5390625 0.7546875 0.33828125 0.20390625
2 0.53671875 0.8859375 0.3328125 0.21796875
2 0.7125 0.60859375 0.28125 0.1765625