0 0.3296875 0.6375 0.078125 0.08046875
0 0.51875 0.55 0.04140625 0.05390625
0 0.559375 0.521875 0.05625 0.05390625
0 0.4328125 0.5515625 0.03671875 0.04140625
0 0.384375 0.5484375 0.05625 0.05390625
0 0.7828125 0.44609375 0.06875 0.0640625
0 0.6390625 0.47109375 0.05625 0.0703125
3 0.4203125 0.475 0.071875 0.109375
3 0.48828125 0.44375 0.0765625 0.13828125
3 0.278125 0.47734375 0.175 0.2484375
3 0.5203125 0.4078125 0.10625 0.184375
3 0.3640625 0.440625 0.09609375 0.153125
3 0.6125 0.3640625 0.09921875 0.16015625
3 0.753125 0.325 0.13046875 0.196875