0 0.29921875 0.5875 0.0546875 0.05859375
0 0.3234375 0.47734375 0.059375 0.0640625
0 0.5046875 0.4765625 0.05625 0.05625
0 0.24921875 0.44375 0.0546875 0.05859375
0 0.4078125 0.4546875 0.059375 0.059375
0 0.6015625 0.4703125 0.059375 0.06640625
0 0.1828125 0.428125 0.046875 0.053125
0 0.8359375 0.4765625 0.06328125 0.07890625
0 0.70859375 0.4265625 0.0515625 0.04921875
0 0.78125 0.415625 0.06328125 0.07890625
3 0.4484375 0.3359375 0.1375 0.21796875
3 0.3625 0.325 0.13828125 0.23203125
3 0.28203125 0.31875 0.1296875 0.21484375
3 0.8796875 0.3453125 0.14375 0.20859375
3 0.54921875 0.3140625 0.1328125 0.221875
3 0.209375 0.27890625 0.128125 0.2265625
3 0.640625 0.3078125 0.1375 0.225
3 0.73984375 0.290625 0.1171875 0.20703125
3 0.81875 0.28515625 0.11953125 0.2046875
0 0.321875 0.834375 0.0625 0.07109375
0 0.409375 0.8265625 0.04921875 0.05625
3 0.3546875 0.7140625 0.128125 0.19296875
3 0.4375 0.7046875 0.13515625 0.184375