0 0.490625 0.2578125 0.0625 0.078125
0 0.4375 0.25 0.08984375 0.10859375
0 0.7703125 0.371875 0.06015625 0.07578125
0 0.834375 0.4015625 0.06953125 0.090625
0 0.67890625 0.37734375 0.0671875 0.0859375
0 0.5796875 0.3625 0.07734375 0.09375
0 0.9109375 0.4625 0.084375 0.10390625
3 0.6546875 0.5125 0.10703125 0.14375
3 0.5453125 0.49140625 0.11015625 0.1609375
3 0.7921875 0.55390625 0.115625 0.1921875
3 0.38515625 0.4640625 0.1640625 0.26953125
3 0.86875 0.64921875 0.12734375 0.2453125
0 0.73984375 0.6203125 0.0796875 0.09609375
0 0.6265625 0.5984375 0.084375 0.09921875
0 0.534375 0.59921875 0.0875 0.1109375
0 0.47109375 0.6 0.1046875 0.12890625