3 0.25390625 0.24140625 0.2078125 0.1203125
3 0.3265625 0.571875 0.35859375 0.19765625
0 0.05 0.5921875 0.1 0.096875
0 0.04375 0.1703125 0.078125 0.06484375
0 0.15703125 0.9296875 0.0578125 0.04765625
0 0.1 0.2609375 0.078125 0.06484375
0 0.12109375 0.40234375 0.0578125 0.0546875
0 0.1828125 0.9859375 0.0375 0.02734375
0 0.15625 0.725 0.04296875 0.03984375
0 0.171875 0.834375 0.03984375 0.03515625
0 0.1671875 0.77421875 0.03046875 0.0296875
3 0.23203125 0.825 0.1015625 0.06328125
3 0.234375 0.759375 0.09921875 0.05625
3 0.2484375 0.70234375 0.140625 0.0765625
3 0.18984375 0.14296875 0.2203125 0.1296875
2 0.27421875 0.9140625 0.1859375 0.11171875
3 0.2375 0.38359375 0.175 0.0921875