3 0.8109375 0.296875 0.09765625 0.20078125
3 0.4734375 0.3265625 0.15859375 0.34765625
0 0.5046875 0.05078125 0.08671875 0.0921875
0 0.92421875 0.1015625 0.0578125 0.071875
0 0.1546875 0.11171875 0.04140625 0.0546875
0 0.82265625 0.1453125 0.0578125 0.071875
0 0.68046875 0.146875 0.0484375 0.05234375
0 0.09375 0.13125 0.02421875 0.03671875
0 0.35703125 0.140625 0.0359375 0.03984375
0 0.246875 0.1390625 0.03125 0.0375
0 0.30703125 0.14296875 0.0265625 0.0296875
3 0.2421875 0.2 0.05078125 0.09609375
3 0.3078125 0.20859375 0.04609375 0.0953125
3 0.3578125 0.23125 0.06328125 0.134375
3 0.9203125 0.25078125 0.10703125 0.2109375
2 0.1484375 0.2265625 0.08984375 0.17890625
3 0.675 0.2640625 0.07578125 0.17109375