0 0.06875 0.61015625 0.09921875 0.1046875
0 0.3265625 0.515625 0.07109375 0.078125
0 0.52734375 0.496875 0.0671875 0.05859375
0 0.6703125 0.478125 0.04453125 0.04609375
0 0.72578125 0.46328125 0.0515625 0.0515625
0 0.8015625 0.4484375 0.04375 0.034375
0 0.9046875 0.45078125 0.03203125 0.0390625
2 0.08359375 0.34375 0.1671875 0.346875
2 0.6625 0.36328125 0.0875 0.1453125
2 0.903125 0.38046875 0.06015625 0.1015625
2 0.5203125 0.34375 0.11015625 0.18671875
2 0.7359375 0.35390625 0.078125 0.1453125
2 0.80390625 0.35 0.0640625 0.12109375
2 0.34140625 0.30625 0.1390625 0.24765625