0 0.39921875 0.715625 0.0609375 0.065625
0 0.36171875 0.9 0.0484375 0.05078125
0 0.3609375 0.82421875 0.06796875 0.0796875
0 0.4109375 0.30390625 0.065625 0.0578125
0 0.36796875 0.57109375 0.0703125 0.0703125
0 0.3765625 0.37421875 0.03671875 0.0359375
3 0.25078125 0.88828125 0.1453125 0.0703125
3 0.3546875 0.01484375 0.08671875 0.0296875
3 0.225 0.7015625 0.2375 0.13359375
3 0.17109375 0.82734375 0.2515625 0.1359375
3 0.25234375 0.2625 0.2203125 0.109375
3 0.19453125 0.5546875 0.2390625 0.109375