2 0.4515625 0.3890625 0.13515625 0.09765625
2 0.475 0.471875 0.20078125 0.13046875
2 0.5171875 0.584375 0.17421875 0.125
2 0.4390625 0.1578125 0.20078125 0.13828125
2 0.48828125 0.29765625 0.1890625 0.1328125
2 0.578125 0.68828125 0.190625 0.1015625
2 0.609375 0.7484375 0.31484375 0.17734375
2 0.5140625 0.0671875 0.425 0.134375
0 0.3171875 0.5203125 0.05703125 0.06875
1 0.271875 0.2171875 0.07890625 0.071875
0 0.39375 0.7984375 0.071875 0.071875
0 0.33671875 0.43125 0.0515625 0.04921875
1 0.3875 0.62890625 0.06171875 0.0546875
0 0.4109375 0.7390625 0.06640625 0.05703125
0 0.3375 0.346875 0.0625 0.07421875