0 0.76796875 0.8734375 0.0453125 0.06875
0 0.1828125 0.85859375 0.0375 0.0484375
0 0.73359375 0.85625 0.0421875 0.04921875
0 0.53828125 0.846875 0.0421875 0.04921875
0 0.29140625 0.834375 0.0421875 0.04921875
0 0.61484375 0.834375 0.0421875 0.04453125
0 0.09765625 0.8203125 0.0421875 0.04921875
3 0.19921875 0.796875 0.0609375 0.11796875
3 0.540625 0.775 0.040625 0.0875
0 0.50703125 0.7703125 0.0765625 0.08515625
3 0.7140625 0.7734375 0.06328125 0.11796875
3 0.0890625 0.75703125 0.065625 0.1109375
3 0.29375 0.74921875 0.078125 0.1265625
3 0.6125 0.73359375 0.08125 0.1484375
0 0.8296875 0.72265625 0.0875 0.1171875
3 0.4953125 0.6171875 0.1375 0.20546875
3 0.8625 0.54453125 0.19375 0.3203125