0 0.1375 0.18984375 0.07109375 0.0796875
0 0.30546875 0.2296875 0.0765625 0.08515625
0 0.378125 0.2625 0.07421875 0.0875
0 0.7234375 0.3 0.08125 0.08046875
0 0.4875 0.28515625 0.07421875 0.0921875
0 0.815625 0.31953125 0.09609375 0.0953125
0 0.2078125 0.2625 0.084375 0.09765625
0 0.590625 0.3515625 0.07578125 0.078125
3 0.109375 0.390625 0.11953125 0.22109375
3 0.69765625 0.471875 0.1203125 0.19296875
3 0.4765625 0.459375 0.10703125 0.20625
3 0.353125 0.45703125 0.10703125 0.2109375
3 0.80625 0.52421875 0.14765625 0.2109375
3 0.2046875 0.46484375 0.115625 0.2359375
3 0.5796875 0.540625 0.10703125 0.21640625