0 0.7046875 0.8234375 0.03515625 0.04921875
0 0.7921875 0.159375 0.09375 0.09609375
0 0.64296875 0.60703125 0.0390625 0.0296875
0 0.65390625 0.45 0.0390625 0.03515625
0 0.6421875 0.53515625 0.04453125 0.0421875
0 0.646875 0.4859375 0.04453125 0.03984375
0 0.615625 0.659375 0.034375 0.034375
0 0.653125 0.3984375 0.06640625 0.05
3 0.56875 0.81640625 0.17265625 0.0890625
0 0.64453125 0.30859375 0.0609375 0.0546875
0 0.6375 0.23359375 0.08359375 0.0671875
3 0.53515625 0.5203125 0.1265625 0.06640625
3 0.5265625 0.434375 0.14296875 0.059375
3 0.5234375 0.375 0.175 0.07265625
3 0.5546875 0.128125 0.28671875 0.15
3 0.4984375 0.29921875 0.17578125 0.1203125
3 0.50859375 0.21484375 0.1703125 0.0984375