0 0.73671875 0.34609375 0.0578125 0.1109375
0 0.859375 0.3609375 0.04765625 0.08671875
0 0.496875 0.37734375 0.03671875 0.0703125
0 0.434375 0.378125 0.03203125 0.0625
0 0.68359375 0.375 0.0359375 0.053125
0 0.3890625 0.3984375 0.0375 0.075
0 0.56953125 0.40625 0.0421875 0.07265625
0 0.6265625 0.421875 0.03203125 0.06796875
3 0.690625 0.503125 0.05390625 0.22890625
3 0.44765625 0.51328125 0.0515625 0.1828125
3 0.5078125 0.5125 0.06328125 0.221875
3 0.8859375 0.5328125 0.08359375 0.24609375
3 0.575 0.5390625 0.0625 0.20703125
3 0.39375 0.54609375 0.06328125 0.2265625
3 0.63203125 0.5515625 0.0578125 0.20234375
3 0.753125 0.553125 0.08515625 0.284375