0 0.2234375 0.74921875 0.04453125 0.0265625
0 0.89375 0.72109375 0.084375 0.0765625
0 0.4234375 0.6515625 0.025 0.03359375
0 0.58046875 0.6375 0.0296875 0.03359375
0 0.49375 0.6359375 0.03515625 0.03828125
0 0.54296875 0.634375 0.0328125 0.03828125
0 0.36796875 0.63125 0.0296875 0.02890625
0 0.63125 0.62578125 0.040625 0.0578125
3 0.2046875 0.6125 0.05859375 0.16328125
0 0.71796875 0.6015625 0.0453125 0.053125
0 0.790625 0.58125 0.05546875 0.07421875
3 0.48671875 0.52890625 0.0453125 0.1203125
3 0.571875 0.50703125 0.03359375 0.1390625
3 0.62890625 0.49375 0.0421875 0.16796875
3 0.8765625 0.4828125 0.10078125 0.271875
3 0.70078125 0.4578125 0.0921875 0.15859375
3 0.78046875 0.4515625 0.0703125 0.15859375